2023	1	21.34299
2023	1	21.34530
2023	1	21.34761
2023	1	21.34992
2023	1	21.35223
2023	1	21.35454
2023	1	21.35685
2023	1	21.35916
2023	1	21.36147
2023	1	21.36378
2023	1	21.36609
2023	1	21.36840
2023	1	21.37071
2023	1	21.37302
2023	1	21.37533
2023	1	21.37764
2023	1	21.37995
2023	1	21.38226
2023	1	21.38457
2023	1	21.38688
2023	1	21.38919
2023	1	21.39150
2023	1	21.39381
2023	1	21.39612
2023	1	21.39843
2023	1	21.40074
2023	1	21.40305
2023	1	21.40536
2023	1	21.40767
2023	1	21.40998
2023	1	21.41229
2023	1	21.41460
2023	1	21.41691
2023	1	21.41922
2023	1	21.42153
2023	1	21.42384
2023	1	21.42615
2023	1	21.42846
2023	1	21.43077
2023	1	21.43308
2023	1	21.43539
2023	1	21.43770
2023	1	21.44001
2023	1	21.44232
2023	1	21.44463
2023	1	21.44694
2023	1	21.44925
2023	1	21.45156
2023	1	21.45387
2023	1	21.45618
2023	1	21.45849
2023	1	21.46080
2023	1	21.46311
2023	1	21.46542
2023	1	21.46773
2023	1	21.47004
2023	1	21.47235
2023	1	21.47466
2023	1	21.47697
2023	1	21.47928
2023	1	21.48159
2023	1	21.48390
2023	1	21.48621
2023	1	21.48852
2023	1	21.49083
2023	1	21.49314
2023	1	21.49545
2023	1	21.49776
2023	1	21.50007
2023	1	21.50238
2023	1	21.50469
2023	1	21.50700
2023	1	21.50931
2023	1	21.51162
2023	1	21.51393
2023	1	21.51624
2023	1	21.51855
2023	1	21.52086
2023	1	21.52317
2023	1	21.52548
2023	1	21.52779
2023	1	21.53010
2023	1	21.53241
2023	1	21.53472
2023	1	21.53703
2023	1	21.53934
2023	1	21.54165
2023	1	21.54396
2023	1	21.54627
2023	1	21.54858
2023	1	21.55089
2023	1	21.55320
2023	1	21.55551
2023	1	21.55782
2023	1	21.56013
2023	1	21.56244
2023	1	21.56475
2023	1	21.56706
2023	1	21.56937
2023	1	21.57168
2023	1	21.57399
2023	1	21.57630
2023	1	21.57861
2023	1	21.58092
2023	1	21.58323
2023	1	21.58554
2023	1	21.58785
2023	1	21.59016
2023	1	21.59247
2023	1	21.59478
2023	1	21.59709
2023	1	21.59940
2023	1	21.60171
2023	1	21.60402
2023	1	21.60633
2023	1	21.60864
2023	1	21.61095
2023	1	21.61326
2023	1	21.61557
2023	1	21.61788
2023	1	21.62019
2023	1	21.62250
2023	1	21.62481
2023	1	21.62712
2023	1	21.62943
2023	1	21.63174
2023	1	21.63405
2023	1	21.63636
2023	1	21.63867
2023	1	21.64098
2023	1	21.64329
2023	1	21.64560
2023	1	21.64791
2023	1	21.65022
2023	1	21.65253
2023	1	21.65484
2023	1	21.65715
2023	1	21.65946
2023	1	21.66177
2023	1	21.66408
2023	1	21.66639
2023	1	21.66870
2023	1	21.67101
2023	1	21.67332
2023	1	21.67563
2023	1	21.67794
2023	1	21.68025
2023	1	21.68256
2023	1	21.68487
2023	1	21.68718
2023	1	21.68949
2023	1	21.69180
2023	1	21.69411
2023	1	21.69642
2023	1	21.69873
2023	1	21.70104
2023	1	21.70335
2023	1	21.70566
2023	1	21.70797
2023	1	21.71028
2023	1	21.71259
2023	1	21.71490
2023	1	21.71721
2023	1	21.71952
2023	1	21.72183
2023	1	21.72414
2023	1	21.72645
2023	1	21.72876
2023	1	21.73107
2023	1	21.73338
2023	1	21.73569
2023	1	21.73800
2023	1	21.74031
2023	1	21.74262
2023	1	21.74493
2023	1	21.74724
2023	1	21.74955
2023	1	21.75186
2023	1	21.75417
2023	1	21.75648
2023	1	21.75879
2023	1	21.76110
2023	1	21.76341
2023	1	21.76572
2023	1	21.76803
2023	1	21.77034
2023	1	21.77265
2023	1	21.77496
2023	1	21.77727
2023	1	21.77958
2023	1	21.78189
2023	1	21.78420
2023	1	21.78651
2023	1	21.78882
2023	1	21.79113
2023	1	21.79344
2023	1	21.79575
2023	1	21.79806
2023	1	21.80037
2023	1	21.80268
2023	1	21.80499
2023	1	21.80730
2023	1	21.80961
2023	1	21.81192
2023	1	21.81423
2023	1	21.81654
2023	1	21.81885
2023	1	21.82116
2023	1	21.82347
2023	1	21.82578
2023	1	21.82809
2023	1	21.83040
2023	1	21.83271
2023	1	21.83502
2023	1	21.83733
2023	1	21.83964
2023	1	21.84195
2023	1	21.84426
2023	1	21.84657
2023	1	21.84888
2023	1	21.85119
2023	1	21.85350
2023	1	21.85581
2023	1	21.85812
2023	1	21.86043
2023	1	21.86274
2023	1	21.86505
2023	1	21.86736
2023	1	21.86967
2023	1	21.87198
2023	1	21.87429
2023	1	21.87660
2023	1	21.87891
2023	1	21.88122
2023	1	21.88353
2023	1	21.88584
2023	1	21.88815
2023	1	21.89046
2023	1	21.89277
2023	1	21.89508
2023	1	21.89739
2023	1	21.89970
2023	1	21.90201
2023	1	21.90432
2023	1	21.90663
2023	1	21.90894
2023	1	21.91125
2023	1	21.91356
2023	1	21.91587
2023	1	21.91818
2023	1	21.92049
2023	1	21.92280
2023	1	21.92511
2023	1	21.92742
2023	1	21.92973
2023	1	21.93204
2023	1	21.93435
2023	1	21.93666
2023	1	21.93897
2023	1	21.94128
2023	1	21.94359
2023	1	21.94590
2023	1	21.94821
2023	1	21.95052
2023	1	21.95283
2023	1	21.95514
2023	1	21.95745
2023	1	21.95976
2023	1	21.96207
2023	1	21.96438
2023	1	21.96669
2023	1	21.96900
2023	1	21.97131
2023	1	21.97362
2023	1	21.97593
2023	1	21.97824
2023	1	21.98055
2023	1	21.98286
2023	1	21.98517
2023	1	21.98748
2023	1	21.98979
2023	1	21.99210
2023	1	21.99441
2023	1	21.99672
2023	1	21.99903
2023	1	22.00134
2023	1	22.00365
2023	1	22.00596
2023	1	22.00827
2023	1	22.01058
2023	1	22.01289
2023	1	22.01520
2023	1	22.01751
2023	1	22.01982
2023	1	22.02213
2023	1	22.02444
2023	1	22.02675
2023	1	22.02906
2023	1	22.03137
2023	1	22.03368
2023	1	22.03599
2023	1	22.03830
2023	1	22.04061
2023	1	22.04292
2023	1	22.04523
2023	1	22.04754
2023	1	22.04985
2023	1	22.05216
2023	1	22.05447
2023	1	22.05678
2023	1	22.05909
2023	1	22.06140
2023	1	22.06371
2023	1	22.06602
2023	1	22.06833
2023	1	22.07064
2023	1	22.07295
2023	1	22.07526
2023	1	22.07757
2023	1	22.07988
2023	1	22.08219
2023	1	22.08450
2023	1	22.08681
2023	1	22.08912
2023	1	22.09143
2023	1	22.09374
2023	1	22.09605
2023	1	22.09836
2023	1	22.10067
2023	1	22.10298
2023	1	22.10529
2023	1	22.10760
2023	1	22.10991
2023	1	22.11222
2023	1	22.11453
2023	1	22.11684
2023	1	22.11915
2023	1	22.12146
2023	1	22.12377
2023	1	22.12608
2023	1	22.12839
2023	1	22.13070
2023	1	22.13301
2023	1	22.13532
2023	1	22.13763
2023	1	22.13994
2023	1	22.14225
2023	1	22.14456
2023	1	22.14687
2023	1	22.14918
2023	1	22.15149
2023	1	22.15380
2023	1	22.15611
2023	1	22.15842
2023	1	22.16073
2023	1	22.16304
2023	1	22.16535
2023	1	22.16766
2023	1	22.16997
2023	1	22.17228
2023	1	22.17459
2023	1	22.17690
2023	1	22.17921
2023	1	22.18152
2023	1	22.18383
2023	1	22.18614
2023	1	22.18845
2023	1	22.19076
2023	1	22.19307
2023	1	22.19538
2023	1	22.19769
2023	1	22.20000
2023	1	22.20231
2023	1	22.20462
2023	1	22.20693
2023	1	22.20924
2023	1	22.21155
2023	1	22.21386
2023	1	22.21617
2023	1	22.21848
2023	1	22.22079
2023	1	22.22310
2023	1	22.22541
2023	1	22.22772
2023	1	22.23003
2023	1	22.23234
2023	1	22.23465
2023	1	22.23696
2023	1	22.23927
2023	1	22.24158
2023	1	22.24389
2023	1	22.24620
2023	1	22.24851
2023	1	22.25082
2023	1	22.25313
2023	1	22.25544
2023	1	22.25775
2023	1	22.26006
2023	1	22.26237
2023	1	22.26468
2023	1	22.26699
2023	1	22.26930
2023	1	22.27161
2023	1	22.27392
2023	1	22.27623
2023	1	22.27854
2023	1	22.28085
2023	1	22.28316
2023	1	22.28547
2023	1	22.28778
2023	1	22.29009
2023	1	22.29240
2023	1	22.29471
2023	1	22.29702
2023	1	22.29933
2023	1	22.30164
2023	1	22.30395
2023	1	22.30626
2023	1	22.30857
2023	1	22.31088
2023	1	22.31319
2023	1	22.31550
2023	1	22.31781
2023	1	22.32012
2023	1	22.32243
2023	1	22.32474
2023	1	22.32705
2023	1	22.32936
2023	1	22.33167
2023	1	22.33398
2023	1	22.33629
2023	1	22.33860
2023	1	22.34091
2023	1	22.34322
2023	1	22.34553
2023	1	22.34784
2023	1	22.35015
2023	1	22.35246
2023	1	22.35477
2023	1	22.35708
2023	1	22.35939
2023	1	22.36170
2023	1	22.36401
2023	1	22.36632
2023	1	22.36863
2023	1	22.37094
2023	1	22.37325
2023	1	22.37556
2023	1	22.37787
2023	1	22.38018
2023	1	22.38249
2023	1	22.38480
2023	1	22.38711
2023	1	22.38942
2023	1	22.39173
2023	1	22.39404
2023	1	22.39635
2023	1	22.39866
2023	1	22.40097
2023	1	22.40328
2023	1	22.40559
2023	1	22.40790
2023	1	22.41021
2023	1	22.41252
2023	1	22.41483
2023	1	22.41714
2023	1	22.41945
2023	1	22.42176
2023	1	22.42407
2023	1	22.42638
2023	1	22.42869
2023	1	22.43100
2023	1	22.43331
2023	1	22.43562
2023	1	22.43793
2023	1	22.44024
2023	1	22.44255
2023	1	22.44486
2023	1	22.44717
2023	1	22.44948
2023	1	22.45179
2023	1	22.45410
2023	1	22.45641
2023	1	22.45872
2023	1	22.46103
2023	1	22.46334
2023	1	22.46565
2023	1	22.46796
2023	1	22.47027
2023	1	22.47258
2023	1	22.47489
2023	1	22.47720
2023	1	22.47951
2023	1	22.48182
2023	1	22.48413
2023	1	22.48644
2023	1	22.48875
2023	1	22.49106
2023	1	22.49337
2023	1	22.49568
2023	1	22.49799
2023	1	22.50030
2023	1	22.50261
2023	1	22.50492
2023	1	22.50723
2023	1	22.50954
2023	1	22.51185
2023	1	22.51416
2023	1	22.51647
2023	1	22.51878
2023	1	22.52109
2023	1	22.52340
2023	1	22.52571
2023	1	22.52802
2023	1	22.53033
2023	1	22.53264
2023	1	22.53495
2023	1	22.53726
2023	1	22.53957
2023	1	22.54188
2023	1	22.54419
2023	1	22.54650
2023	1	22.54881
2023	1	22.55112
2023	1	22.55343
2023	1	22.55574
2023	1	22.55805
2023	1	22.56036
2023	1	22.56267
2023	1	22.56498
2023	1	22.56729
2023	1	22.56960
2023	1	22.57191
2023	1	22.57422
2023	1	22.57653
2023	1	22.57884
2023	1	22.58115
2023	1	22.58346
2023	1	22.58577
2023	1	22.58808
2023	1	22.59039
2023	1	22.59270
2023	1	22.59501
2023	1	22.59732
2023	1	22.59963
2023	1	22.60194
2023	1	22.60425
2023	1	22.60656
2023	1	22.60887
2023	1	22.61118
2023	1	22.61349
2023	1	22.61580
2023	1	22.61811
2023	1	22.62042
2023	1	22.62273
2023	1	22.62504
2023	1	22.62735
2023	1	22.62966
2023	1	22.63197
2023	1	22.63428
2023	1	22.63659
2023	1	22.63890
2023	1	22.64121
2023	1	22.64352
2023	1	22.64583
2023	1	22.64814
2023	1	22.65045
2023	1	22.65276
2023	1	22.65507
2023	1	22.65738
2023	1	22.65969
2023	1	22.66200
2023	1	22.66431
2023	1	22.66662
2023	1	22.66893
2023	1	22.67124
2023	1	22.67355
2023	1	22.67586
2023	1	22.67817
2023	1	22.68048
2023	1	22.68279
2023	1	22.68510
2023	1	22.68741
2023	1	22.68972
2023	1	22.69203
2023	1	22.69434
2023	1	22.69665
2023	1	22.69896
2023	1	22.70127
2023	1	22.70358
2023	1	22.70589
2023	1	22.70820
2023	1	22.71051
2023	1	22.71282
2023	1	22.71513
2023	1	22.71744
2023	1	22.71975
2023	1	22.72206
2023	1	22.72437
2023	1	22.72668
2023	1	22.72899
2023	1	22.73130
2023	1	22.73361
2023	1	22.73592
2023	1	22.73823
2023	1	22.74054
2023	1	22.74285
2023	1	22.74516
2023	1	22.74747
2023	1	22.74978
2023	1	22.75209
2023	1	22.75440
2023	1	22.75671
2023	1	22.75902
2023	1	22.76133
2023	1	22.76364
2023	1	22.76595
2023	1	22.76826
2023	1	22.77057
2023	1	22.77288
2023	1	22.77519
2023	1	22.77750
2023	1	22.77981
2023	1	22.78212
2023	1	22.78443
2023	1	22.78674
2023	1	22.78905
2023	1	22.79136
2023	1	22.79367
2023	1	22.79598
2023	1	22.79829
2023	1	22.80060
2023	1	22.80291
2023	1	22.80522
2023	1	22.80753
2023	1	22.80984
2023	1	22.81215
2023	1	22.81446
2023	1	22.81677
2023	1	22.81908
2023	1	22.82139
2023	1	22.82370
2023	1	22.82601
2023	1	22.82832
2023	1	22.83063
2023	1	22.83294
2023	1	22.83525
2023	1	22.83756
2023	1	22.83987
2023	1	22.84218
2023	1	22.84449
2023	1	22.84680
2023	1	22.84911
2023	1	22.85142
2023	1	22.85373
2023	1	22.85604
2023	1	22.85835
2023	1	22.86066
2023	1	22.86297
2023	1	22.86528
2023	1	22.86759
2023	1	22.86990
2023	1	22.87221
2023	1	22.87452
2023	1	22.87683
2023	1	22.87914
2023	1	22.88145
2023	1	22.88376
2023	1	22.88607
2023	1	22.88838
2023	1	22.89069
2023	1	22.89300
2023	1	22.89531
2023	1	22.89762
2023	1	22.89993
2023	1	22.90224
2023	1	22.90455
2023	1	22.90686
2023	1	22.90917
2023	1	22.91148
2023	1	22.91379
2023	1	22.91610
2023	1	22.91841
2023	1	22.92072
2023	1	22.92303
2023	1	22.92534
2023	1	22.92765
2023	1	22.92996
2023	1	22.93227
2023	1	22.93458
2023	1	22.93689
2023	1	22.93920
2023	1	22.94151
2023	1	22.94382
2023	1	22.94613
2023	1	22.94844
2023	1	22.95075
2023	1	22.95306
2023	1	22.95537
2023	1	22.95768
2023	1	22.95999
2023	1	22.96230
2023	1	22.96461
2023	1	22.96692
2023	1	22.96923
2023	1	22.97154
2023	1	22.97385
2023	1	22.97616
2023	1	22.97847
2023	1	22.98078
2023	1	22.98309
2023	1	22.98540
2023	1	22.98771
2023	1	22.99002
2023	1	22.99233
2023	1	22.99464
2023	1	22.99695
2023	1	22.99926
2023	1	23.00157
2023	1	23.00388
2023	1	23.00619
2023	1	23.00850
2023	1	23.01081
2023	1	23.01312
2023	1	23.01543
2023	1	23.01774
2023	1	23.02005
2023	1	23.02236
2023	1	23.02467
2023	1	23.02698
2023	1	23.02929
2023	1	23.03160
2023	1	23.03391
2023	1	23.03622
2023	1	23.03853
2023	1	23.04084
2023	1	23.04315
2023	1	23.04546
2023	1	23.04777
2023	1	23.05008
2023	1	23.05239
2023	1	23.05470
2023	1	23.05701
2023	1	23.05932
2023	1	23.06163
2023	1	23.06394
2023	1	23.06625
2023	1	23.06856
2023	1	23.07087
2023	1	23.07318
2023	1	23.07549
2023	1	23.07780
2023	1	23.08011
2023	1	23.08242
2023	1	23.08473
2023	1	23.08704
2023	1	23.08935
2023	1	23.09166
2023	1	23.09397
2023	1	23.09628
2023	1	23.09859
2023	1	23.10090
2023	1	23.10321
2023	1	23.10552
2023	1	23.10783
2023	1	23.11014
2023	1	23.11245
2023	1	23.11476
2023	1	23.11707
2023	1	23.11938
2023	1	23.12169
2023	1	23.12400
2023	1	23.12631
2023	1	23.12862
2023	1	23.13093
2023	1	23.13324
2023	1	23.13555
2023	1	23.13786
2023	1	23.14017
2023	1	23.14248
2023	1	23.14479
2023	1	23.14710
2023	1	23.14941
2023	1	23.15172
2023	1	23.15403
2023	1	23.15634
2023	1	23.15865
2023	1	23.16096
2023	1	23.16327
2023	1	23.16558
2023	1	23.16789
2023	1	23.17020
2023	1	23.17251
2023	1	23.17482
2023	1	23.17713
2023	1	23.17944
2023	1	23.18175
2023	1	23.18406
2023	1	23.18637
2023	1	23.18868
2023	1	23.19099
2023	1	23.19330
2023	1	23.19561
2023	1	23.19792
2023	1	23.20023
2023	1	23.20254
2023	1	23.20485
2023	1	23.20716
2023	1	23.20947
2023	1	23.21178
2023	1	23.21409
2023	1	23.21640
2023	1	23.21871
2023	1	23.22102
2023	1	23.22333
2023	1	23.22564
2023	1	23.22795
2023	1	23.23026
2023	1	23.23257
2023	1	23.23488
2023	1	23.23719
2023	1	23.23950
2023	1	23.24181
2023	1	23.24412
2023	1	23.24643
2023	1	23.24874
2023	1	23.25105
2023	1	23.25336
2023	1	23.25567
2023	1	23.25798
2023	1	23.26029
2023	1	23.26260
2023	1	23.26491
2023	1	23.26722
2023	1	23.26953
2023	1	23.27184
2023	1	23.27415
2023	1	23.27646
2023	1	23.27877
2023	1	23.28108
2023	1	23.28339
2023	1	23.28570
2023	1	23.28801
2023	1	23.29032
2023	1	23.29263
2023	1	23.29494
2023	1	23.29725
2023	1	23.29956
2023	1	23.30187
2023	1	23.30418
2023	1	23.30649
2023	1	23.30880
2023	1	23.31111
2023	1	23.31342
2023	1	23.31573
2023	1	23.31804
2023	1	23.32035
2023	1	23.32266
2023	1	23.32497
2023	1	23.32728
2023	1	23.32959
2023	1	23.33190
2023	1	23.33421
2023	1	23.33652
2023	1	23.33883
2023	1	23.34114
2023	1	23.34345
2023	1	23.34576
2023	1	23.34807
2023	1	23.35038
2023	1	23.35269
2023	1	23.35500
2023	1	23.35731
2023	1	23.35962
2023	1	23.36193
2023	1	23.36424
2023	1	23.36655
2023	1	23.36886
2023	1	23.37117
2023	1	23.37348
2023	1	23.37579
2023	1	23.37810
2023	1	23.38041
2023	1	23.38272
2023	1	23.38503
2023	1	23.38734
2023	1	23.38965
2023	1	23.39196
2023	1	23.39427
2023	1	23.39658
2023	1	23.39889
2023	1	23.40120
2023	1	23.40351
2023	1	23.40582
2023	1	23.40813
2023	1	23.41044
2023	1	23.41275
2023	1	23.41506
2023	1	23.41737
2023	1	23.41968
2023	1	23.42199
2023	1	23.42430
2023	1	23.42661
2023	1	23.42892
2023	1	23.43123
2023	1	23.43354
2023	1	23.43585
2023	1	23.43816
2023	1	23.44047
2023	1	23.44278
2023	1	23.44509
2023	1	23.44740
2023	1	23.44971
2023	1	23.45202
2023	1	23.45433
2023	1	23.45664
2023	1	23.45895
2023	1	23.46126
2023	1	23.46357
2023	1	23.46588
2023	1	23.46819
2023	1	23.47050
2023	1	23.47281
2023	1	23.47512
2023	1	23.47743
2023	1	23.47974
2023	1	23.48205
2023	1	23.48436
2023	1	23.48667
2023	1	23.48898
2023	1	23.49129
2023	1	23.49360
2023	1	23.49591
2023	1	23.49822
2023	1	23.50053
2023	1	23.50284
2023	1	23.50515
2023	1	23.50746
2023	1	23.50977
2023	1	23.51208
2023	1	23.51439
2023	1	23.51670
2023	1	23.51901
2023	1	23.52132
2023	1	23.52363
2023	1	23.52594
2023	1	23.52825
2023	1	23.53056
2023	1	23.53287
2023	1	23.53518
2023	1	23.53749
2023	1	23.53980
2023	1	23.54211
2023	1	23.54442
2023	1	23.54673
2023	1	23.54904
2023	1	23.55135
2023	1	23.55366
2023	1	23.55597
2023	1	23.55828
2023	1	23.56059
2023	1	23.56290
2023	1	23.56521
2023	1	23.56752
2023	1	23.56983
2023	1	23.57214
2023	1	23.57445
2023	1	23.57676
2023	1	23.57907
2023	1	23.58138
2023	1	23.58369
2023	1	23.58600
2023	1	23.58831
2023	1	23.59062
2023	1	23.59293
2023	1	23.59524
2023	1	23.59755
2023	1	23.59986
2023	1	23.60217
2023	1	23.60448
2023	1	23.60679
2023	1	23.60910
2023	1	23.61141
2023	1	23.61372
2023	1	23.61603
2023	1	23.61834
2023	1	23.62065
2023	1	23.62296
2023	1	23.62527
2023	1	23.62758
2023	1	23.62989
2023	1	23.63220
2023	1	23.63451
2023	1	23.63682
2023	1	23.63913
2023	1	23.64144
2023	1	23.64375
2023	1	23.64606
2023	1	23.64837
2023	1	23.65068
2023	1	23.65299
2023	1	23.65530
2023	1	23.65761
2023	1	23.65992
2023	1	23.66223
2023	1	23.66454
2023	1	23.66685
2023	1	23.66916
2023	1	23.67147
2023	1	23.67378
2023	1	23.67609
2023	1	23.67840
2023	1	23.68071
2023	1	23.68302
2023	1	23.68533
2023	1	23.68764
2023	1	23.68995
2023	1	23.69226
2023	1	23.69457
2023	1	23.69688
2023	1	23.69919
2023	1	23.70150
2023	1	23.70381
2023	1	23.70612
2023	1	23.70843
2023	1	23.71074
2023	1	23.71305
2023	1	23.71536
2023	1	23.71767
2023	1	23.71998
2023	1	23.72229
2023	1	23.72460
2023	1	23.72691
2023	1	23.72922
2023	1	23.73153
2023	1	23.73384
2023	1	23.73615
2023	1	23.73846
2023	1	23.74077
2023	1	23.74308
2023	1	23.74539
2023	1	23.74770
2023	1	23.75001
2023	1	23.75232
2023	1	23.75463
2023	1	23.75694
2023	1	23.75925
2023	1	23.76156
2023	1	23.76387
2023	1	23.76618
2023	1	23.76849
2023	1	23.77080
2023	1	23.77311
2023	1	23.77542
2023	1	23.77773
2023	1	23.78004
2023	1	23.78235
2023	1	23.78466
2023	1	23.78697
2023	1	23.78928
2023	1	23.79159
2023	1	23.79390
2023	1	23.79621
2023	1	23.79852
2023	1	23.80083
2023	1	23.80314
2023	1	23.80545
2023	1	23.80776
2023	1	23.81007
2023	1	23.81238
2023	1	23.81469
2023	1	23.81700
2023	1	23.81931
2023	1	23.82162
2023	1	23.82393
2023	1	23.82624
2023	1	23.82855
2023	1	23.83086
2023	1	23.83317
2023	1	23.83548
2023	1	23.83779
2023	1	23.84010
2023	1	23.84241
2023	1	23.84472
2023	1	23.84703
2023	1	23.84934
2023	1	23.85165
2023	1	23.85396
2023	1	23.85627
2023	1	23.85858
2023	1	23.86089
2023	1	23.86320
2023	1	23.86551
2023	1	23.86782
2023	1	23.87013
2023	1	23.87244
2023	1	23.87475
2023	1	23.87706
2023	1	23.87937
2023	1	23.88168
2023	1	23.88399
2023	1	23.88630
2023	1	23.88861
2023	1	23.89092
2023	1	23.89323
2023	1	23.89554
2023	1	23.89785
2023	1	23.90016
2023	1	23.90247
2023	1	23.90478
2023	1	23.90709
2023	1	23.90940
2023	1	23.91171
2023	1	23.91402
2023	1	23.91633
2023	1	23.91864
2023	1	23.92095
2023	1	23.92326
2023	1	23.92557
2023	1	23.92788
2023	1	23.93019
2023	1	23.93250
2023	1	23.93481
2023	1	23.93712
2023	1	23.93943
2023	1	23.94174
2023	1	23.94405
2023	1	23.94636
2023	1	23.94867
2023	1	23.95098
2023	1	23.95329
2023	1	23.95560
2023	1	23.95791
2023	1	23.96022
2023	1	23.96253
2023	1	23.96484
2023	1	23.96715
2023	1	23.96946
2023	1	23.97177
2023	1	23.97408
2023	1	23.97639
2023	1	23.97870
2023	1	23.98101
2023	1	23.98332
2023	1	23.98563
2023	1	23.98794
2023	1	23.99025
2023	1	23.99256
2023	1	23.99487
2023	1	23.99718
2023	1	23.99949
2023	1	24.00180
2023	1	24.00411
2023	1	24.00642
2023	1	24.00873
2023	1	24.01104
2023	1	24.01335
2023	1	24.01566
2023	1	24.01797
2023	1	24.02028
2023	1	24.02259
2023	1	24.02490
2023	1	24.02721
2023	1	24.02952
2023	1	24.03183
2023	1	24.03414
2023	1	24.03645
2023	1	24.03876
2023	1	24.04107
2023	1	24.04338
2023	1	24.04569
2023	1	24.04800
2023	1	24.05031
2023	1	24.05262
2023	1	24.05493
2023	1	24.05724
2023	1	24.05955
2023	1	24.06186
2023	1	24.06417
2023	1	24.06648
2023	1	24.06879
2023	1	24.07110
2023	1	24.07341
2023	1	24.07572
2023	1	24.07803
2023	1	24.08034
2023	1	24.08265
2023	1	24.08496
2023	1	24.08727
2023	1	24.08958
2023	1	24.09189
2023	1	24.09420
2023	1	24.09651
2023	1	24.09882
2023	1	24.10113
2023	1	24.10344
2023	1	24.10575
2023	1	24.10806
2023	1	24.11037
2023	1	24.11268
2023	1	24.11499
2023	1	24.11730
2023	1	24.11961
2023	1	24.12192
2023	1	24.12423
2023	1	24.12654
2023	1	24.12885
2023	1	24.13116
2023	1	24.13347
2023	1	24.13578
2023	1	24.13809
2023	1	24.14040
2023	1	24.14271
2023	1	24.14502
2023	1	24.14733
2023	1	24.14964
2023	1	24.15195
2023	1	24.15426
2023	1	24.15657
2023	1	24.15888
2023	1	24.16119
2023	1	24.16350
2023	1	24.16581
2023	1	24.16812
2023	1	24.17043
2023	1	24.17274
2023	1	24.17505
2023	1	24.17736
2023	1	24.17967
2023	1	24.18198
2023	1	24.18429
2023	1	24.18660
2023	1	24.18891
2023	1	24.19122
2023	1	24.19353
2023	1	24.19584
2023	1	24.19815
2023	1	24.20046
2023	1	24.20277
2023	1	24.20508
2023	1	24.20739
2023	1	24.20970
2023	1	24.21201
2023	1	24.21432
2023	1	24.21663
2023	1	24.21894
2023	1	24.22125
2023	1	24.22356
2023	1	24.22587
2023	1	24.22818
2023	1	24.23049
2023	1	24.23280
2023	1	24.23511
2023	1	24.23742
2023	1	24.23973
2023	1	24.24204
2023	1	24.24435
2023	1	24.24666
2023	1	24.24897
2023	1	24.25128
2023	1	24.25359
2023	1	24.25590
2023	1	24.25821
2023	1	24.26052
2023	1	24.26283
2023	1	24.26514
2023	1	24.26745
2023	1	24.26976
2023	1	24.27207
2023	1	24.27438
2023	1	24.27669
2023	1	24.27900
2023	1	24.28131
2023	1	24.28362
2023	1	24.28593
2023	1	24.28824
2023	1	24.29055
2023	1	24.29286
2023	1	24.29517
2023	1	24.29748
2023	1	24.29979
2023	1	24.30210
2023	1	24.30441
2023	1	24.30672
2023	1	24.30903
2023	1	24.31134
2023	1	24.31365
2023	1	24.31596
2023	1	24.31827
2023	1	24.32058
2023	1	24.32289
2023	1	24.32520
2023	1	24.32751
2023	1	24.32982
2023	1	24.33213
2023	1	24.33444
2023	1	24.33675
2023	1	24.33906
2023	1	24.34137
2023	1	24.34368
2023	1	24.34599
2023	1	24.34830
2023	1	24.35061
2023	1	24.35292
2023	1	24.35523
2023	1	24.35754
2023	1	24.35985
2023	1	24.36216
2023	1	24.36447
2023	1	24.36678
2023	1	24.36909
2023	1	24.37140
2023	1	24.37371
2023	1	24.37602
2023	1	24.37833
2023	1	24.38064
2023	1	24.38295
2023	1	24.38526
2023	1	24.38757
2023	1	24.38988
2023	1	24.39219
2023	1	24.39450
2023	1	24.39681
2023	1	24.39912
2023	1	24.40143
2023	1	24.40374
2023	1	24.40605
2023	1	24.40836
2023	1	24.41067
2023	1	24.41298
2023	1	24.41529
2023	1	24.41760
2023	1	24.41991
2023	1	24.42222
2023	1	24.42453
2023	1	24.42684
2023	1	24.42915
2023	1	24.43146
2023	1	24.43377
2023	1	24.43608
2023	1	24.43839
2023	1	24.44070
2023	1	24.44301
2023	1	24.44532
2023	1	24.44763
2023	1	24.44994
2023	1	24.45225
2023	1	24.45456
2023	1	24.45687
2023	1	24.45918
2023	1	24.46149
2023	1	24.46380
2023	1	24.46611
2023	1	24.46842
2023	1	24.47073
2023	1	24.47304
2023	1	24.47535
2023	1	24.47766
2023	1	24.47997
2023	1	24.48228
2023	1	24.48459
2023	1	24.48690
2023	1	24.48921
2023	1	24.49152
2023	1	24.49383
2023	1	24.49614
2023	1	24.49845
2023	1	24.50076
2023	1	24.50307
2023	1	24.50538
2023	1	24.50769
2023	1	24.51000
2023	1	24.51231
2023	1	24.51462
2023	1	24.51693
2023	1	24.51924
2023	1	24.52155
2023	1	24.52386
2023	1	24.52617
2023	1	24.52848
2023	1	24.53079
2023	1	24.53310
2023	1	24.53541
2023	1	24.53772
2023	1	24.54003
2023	1	24.54234
2023	1	24.54465
2023	1	24.54696
2023	1	24.54927
2023	1	24.55158
2023	1	24.55389
2023	1	24.55620
2023	1	24.55851
2023	1	24.56082
2023	1	24.56313
2023	1	24.56544
2023	1	24.56775
2023	1	24.57006
2023	1	24.57237
2023	1	24.57468
2023	1	24.57699
2023	1	24.57930
2023	1	24.58161
2023	1	24.58392
2023	1	24.58623
2023	1	24.58854
2023	1	24.59085
2023	1	24.59316
2023	1	24.59547
2023	1	24.59778
2023	1	24.60009
2023	1	24.60240
2023	1	24.60471
2023	1	24.60702
2023	1	24.60933
2023	1	24.61164
2023	1	24.61395
2023	1	24.61626
2023	1	24.61857
2023	1	24.62088
2023	1	24.62319
2023	1	24.62550
2023	1	24.62781
2023	1	24.63012
2023	1	24.63243
2023	1	24.63474
2023	1	24.63705
2023	1	24.63936
2023	1	24.64167
2023	1	24.64398
2023	1	24.64629
2023	1	24.64860
2023	1	24.65091
2023	1	24.65322
2023	1	24.65553
2023	1	24.65784
2023	1	24.66015
2023	1	24.66246
2023	1	24.66477
2023	1	24.66708
2023	1	24.66939
2023	1	24.67170
2023	1	24.67401
2023	1	24.67632
2023	1	24.67863
2023	1	24.68094
2023	1	24.68325
2023	1	24.68556
2023	1	24.68787
2023	1	24.69018
2023	1	24.69249
2023	1	24.69480
2023	1	24.69711
2023	1	24.69942
2023	1	24.70173
2023	1	24.70404
2023	1	24.70635
2023	1	24.70866
2023	1	24.71097
2023	1	24.71328
2023	1	24.71559
2023	1	24.71790
2023	1	24.72021
2023	1	24.72252
2023	1	24.72483
2023	1	24.72714
2023	1	24.72945
2023	1	24.73176
2023	1	24.73407
2023	1	24.73638
2023	1	24.73869
2023	1	24.74100
2023	1	24.74331
2023	1	24.74562
2023	1	24.74793
2023	1	24.75024
2023	1	24.75255
2023	1	24.75486
2023	1	24.75717
2023	1	24.75948
2023	1	24.76179
2023	1	24.76410
2023	1	24.76641
2023	1	24.76872
2023	1	24.77103
2023	1	24.77334
2023	1	24.77565
2023	1	24.77796
2023	1	24.78027
2023	1	24.78258
2023	1	24.78489
2023	1	24.78720
2023	1	24.78951
2023	1	24.79182
2023	1	24.79413
2023	1	24.79644
2023	1	24.79875
2023	1	24.80106
2023	1	24.80337
2023	1	24.80568
2023	1	24.80799
2023	1	24.81030
2023	1	24.81261
2023	1	24.81492
2023	1	24.81723
2023	1	24.81954
2023	1	24.82185
2023	1	24.82416
2023	1	24.82647
2023	1	24.82878
2023	1	24.83109
2023	1	24.83340
2023	1	24.83571
2023	1	24.83802
2023	1	24.84033
2023	1	24.84264
2023	1	24.84495
2023	1	24.84726
2023	1	24.84957
2023	1	24.85188
2023	1	24.85419
2023	1	24.85650
2023	1	24.85881
2023	1	24.86112
2023	1	24.86343
2023	1	24.86574
2023	1	24.86805
2023	1	24.87036
2023	1	24.87267
2023	1	24.87498
2023	1	24.87729
2023	1	24.87960
2023	1	24.88191
2023	1	24.88422
2023	1	24.88653
2023	1	24.88884
2023	1	24.89115
2023	1	24.89346
2023	1	24.89577
2023	1	24.89808
2023	1	24.90039
2023	1	24.90270
2023	1	24.90501
2023	1	24.90732
2023	1	24.90963
2023	1	24.91194
2023	1	24.91425
2023	1	24.91656
2023	1	24.91887
2023	1	24.92118
2023	1	24.92349
2023	1	24.92580
2023	1	24.92811
2023	1	24.93042
2023	1	24.93273
2023	1	24.93504
2023	1	24.93735
2023	1	24.93966
2023	1	24.94197
2023	1	24.94428
2023	1	24.94659
2023	1	24.94890
2023	1	24.95121
2023	1	24.95352
2023	1	24.95583
2023	1	24.95814
2023	1	24.96045
2023	1	24.96276
2023	1	24.96507
2023	1	24.96738
2023	1	24.96969
2023	1	24.97200
2023	1	24.97431
2023	1	24.97662
2023	1	24.97893
2023	1	24.98124
2023	1	24.98355
2023	1	24.98586
2023	1	24.98817
2023	1	24.99048
2023	1	24.99279
2023	1	24.99510
2023	1	24.99741
2023	1	24.99972
2023	1	25.00203
2023	1	25.00434
2023	1	25.00665
2023	1	25.00896
2023	1	25.01127
2023	1	25.01358
2023	1	25.01589
2023	1	25.01820
2023	1	25.02051
2023	1	25.02282
2023	1	25.02513
2023	1	25.02744
2023	1	25.02975
2023	1	25.03206
2023	1	25.03437
2023	1	25.03668
2023	1	25.03899
2023	1	25.04130
2023	1	25.04361
2023	1	25.04592
2023	1	25.04823
2023	1	25.05054
2023	1	25.05285
2023	1	25.05516
2023	1	25.05747
2023	1	25.05978
2023	1	25.06209
2023	1	25.06440
2023	1	25.06671
2023	1	25.06902
2023	1	25.07133
2023	1	25.07364
2023	1	25.07595
2023	1	25.07826
2023	1	25.08057
2023	1	25.08288
2023	1	25.08519
2023	1	25.08750
2023	1	25.08981
2023	1	25.09212
2023	1	25.09443
2023	1	25.09674
2023	1	25.09905
2023	1	25.10136
2023	1	25.10367
2023	1	25.10598
2023	1	25.10829
2023	1	25.11060
2023	1	25.11291
2023	1	25.11522
2023	1	25.11753
2023	1	25.11984
2023	1	25.12215
2023	1	25.12446
2023	1	25.12677
2023	1	25.12908
2023	1	25.13139
2023	1	25.13370
2023	1	25.13601
2023	1	25.13832
2023	1	25.14063
2023	1	25.14294
2023	1	25.14525
2023	1	25.14756
2023	1	25.14987
2023	1	25.15218
2023	1	25.15449
2023	1	25.15680
2023	1	25.15911
2023	1	25.16142
2023	1	25.16373
2023	1	25.16604
2023	1	25.16835
2023	1	25.17066
2023	1	25.17297
2023	1	25.17528
2023	1	25.17759
2023	1	25.17990
2023	1	25.18221
2023	1	25.18452
2023	1	25.18683
2023	1	25.18914
2023	1	25.19145
2023	1	25.19376
2023	1	25.19607
2023	1	25.19838
2023	1	25.20069
2023	1	25.20300
2023	1	25.20531
2023	1	25.20762
2023	1	25.20993
2023	1	25.21224
2023	1	25.21455
2023	1	25.21686
2023	1	25.21917
2023	1	25.22148
2023	1	25.22379
2023	1	25.22610
2023	1	25.22841
2023	1	25.23072
2023	1	25.23303
2023	1	25.23534
2023	1	25.23765
2023	1	25.23996
2023	1	25.24227
2023	1	25.24458
2023	1	25.24689
2023	1	25.24920
2023	1	25.25151
2023	1	25.25382
2023	1	25.25613
2023	1	25.25844
2023	1	25.26075
2023	1	25.26306
2023	1	25.26537
2023	1	25.26768
2023	1	25.26999
2023	1	25.27230
2023	1	25.27461
2023	1	25.27692
2023	1	25.27923
2023	1	25.28154
2023	1	25.28385
2023	1	25.28616
2023	1	25.28847
2023	1	25.29078
2023	1	25.29309
2023	1	25.29540
2023	1	25.29771
2023	1	25.30002
2023	1	25.30233
2023	1	25.30464
2023	1	25.30695
2023	1	25.30926
2023	1	25.31157
2023	1	25.31388
2023	1	25.31619
2023	1	25.31850
2023	1	25.32081
2023	1	25.32312
2023	1	25.32543
2023	1	25.32774
2023	1	25.33005
2023	1	25.33236
2023	1	25.33467
2023	1	25.33698
2023	1	25.33929
2023	1	25.34160
2023	1	25.34391
2023	1	25.34622
2023	1	25.34853
2023	1	25.35084
2023	1	25.35315
2023	1	25.35546
2023	1	25.35777
2023	1	25.36008
2023	1	25.36239
2023	1	25.36470
2023	1	25.36701
2023	1	25.36932
2023	1	25.37163
2023	1	25.37394
2023	1	25.37625
2023	1	25.37856
2023	1	25.38087
2023	1	25.38318
2023	1	25.38549
2023	1	25.38780
2023	1	25.39011
2023	1	25.39242
2023	1	25.39473
2023	1	25.39704
2023	1	25.39935
2023	1	25.40166
2023	1	25.40397
2023	1	25.40628
2023	1	25.40859
2023	1	25.41090
2023	1	25.41321
2023	1	25.41552
2023	1	25.41783
2023	1	25.42014
2023	1	25.42245
2023	1	25.42476
2023	1	25.42707
2023	1	25.42938
2023	1	25.43169
2023	1	25.43400
2023	1	25.43631
2023	1	25.43862
2023	1	25.44093
2023	1	25.44324
2023	1	25.44555
2023	1	25.44786
2023	1	25.45017
2023	1	25.45248
2023	1	25.45479
2023	1	25.45710
2023	1	25.45941
2023	1	25.46172
2023	1	25.46403
2023	1	25.46634
2023	1	25.46865
2023	1	25.47096
2023	1	25.47327
2023	1	25.47558
2023	1	25.47789
2023	1	25.48020
2023	1	25.48251
2023	1	25.48482
2023	1	25.48713
2023	1	25.48944
2023	1	25.49175
2023	1	25.49406
2023	1	25.49637
2023	1	25.49868
2023	1	25.50099
2023	1	25.50330
2023	1	25.50561
2023	1	25.50792
2023	1	25.51023
2023	1	25.51254
2023	1	25.51485
2023	1	25.51716
2023	1	25.51947
2023	1	25.52178
2023	1	25.52409
2023	1	25.52640
2023	1	25.52871
2023	1	25.53102
2023	1	25.53333
2023	1	25.53564
2023	1	25.53795
2023	1	25.54026
2023	1	25.54257
2023	1	25.54488
2023	1	25.54719
2023	1	25.54950
2023	1	25.55181
2023	1	25.55412
2023	1	25.55643
2023	1	25.55874
2023	1	25.56105
2023	1	25.56336
2023	1	25.56567
2023	1	25.56798
2023	1	25.57029
2023	1	25.57260
2023	1	25.57491
2023	1	25.57722
2023	1	25.57953
2023	1	25.58184
2023	1	25.58415
2023	1	25.58646
2023	1	25.58877
2023	1	25.59108
2023	1	25.59339
2023	1	25.59570
2023	1	25.59801
2023	1	25.60032
2023	1	25.60263
2023	1	25.60494
2023	1	25.60725
2023	1	25.60956
2023	1	25.61187
2023	1	25.61418
2023	1	25.61649
2023	1	25.61880
2023	1	25.62111
2023	1	25.62342
2023	1	25.62573
2023	1	25.62804
2023	1	25.63035
2023	1	25.63266
2023	1	25.63497
2023	1	25.63728
2023	1	25.63959
2023	1	25.64190
2023	1	25.64421
2023	1	25.64652
2023	1	25.64883
2023	1	25.65114
2023	1	25.65345
2023	1	25.65576
2023	1	25.65807
2023	1	25.66038
2023	1	25.66269
2023	1	25.66500
2023	1	25.66731
2023	1	25.66962
2023	1	25.67193
2023	1	25.67424
2023	1	25.67655
2023	1	25.67886
2023	1	25.68117
2023	1	25.68348
2023	1	25.68579
2023	1	25.68810
2023	1	25.69041
2023	1	25.69272
2023	1	25.69503
2023	1	25.69734
2023	1	25.69965
2023	1	25.70196
2023	1	25.70427
2023	1	25.70658
2023	1	25.70889
2023	1	25.71120
2023	1	25.71351
2023	1	25.71582
2023	1	25.71813
2023	1	25.72044
2023	1	25.72275
2023	1	25.72506
2023	1	25.72737
2023	1	25.72968
2023	1	25.73199
2023	1	25.73430
2023	1	25.73661
2023	1	25.73892
2023	1	25.74123
2023	1	25.74354
2023	1	25.74585
2023	1	25.74816
2023	1	25.75047
2023	1	25.75278
2023	1	25.75509
2023	1	25.75740
2023	1	25.75971
2023	1	25.76202
2023	1	25.76433
2023	1	25.76664
2023	1	25.76895
2023	1	25.77126
2023	1	25.77357
2023	1	25.77588
2023	1	25.77819
2023	1	25.78050
2023	1	25.78281
2023	1	25.78512
2023	1	25.78743
2023	1	25.78974
2023	1	25.79205
2023	1	25.79436
2023	1	25.79667
2023	1	25.79898
2023	1	25.80129
2023	1	25.80360
2023	1	25.80591
2023	1	25.80822
2023	1	25.81053
2023	1	25.81284
2023	1	25.81515
2023	1	25.81746
2023	1	25.81977
2023	1	25.82208
2023	1	25.82439
2023	1	25.82670
2023	1	25.82901
2023	1	25.83132
2023	1	25.83363
2023	1	25.83594
2023	1	25.83825
2023	1	25.84056
2023	1	25.84287
2023	1	25.84518
2023	1	25.84749
2023	1	25.84980
2023	1	25.85211
2023	1	25.85442
2023	1	25.85673
2023	1	25.85904
2023	1	25.86135
2023	1	25.86366
2023	1	25.86597
2023	1	25.86828
2023	1	25.87059
2023	1	25.87290
2023	1	25.87521
2023	1	25.87752
2023	1	25.87983
2023	1	25.88214
2023	1	25.88445
2023	1	25.88676
2023	1	25.88907
2023	1	25.89138
2023	1	25.89369
2023	1	25.89600
2023	1	25.89831
2023	1	25.90062
2023	1	25.90293
2023	1	25.90524
2023	1	25.90755
2023	1	25.90986
2023	1	25.91217
2023	1	25.91448
2023	1	25.91679
2023	1	25.91910
2023	1	25.92141
2023	1	25.92372
2023	1	25.92603
2023	1	25.92834
2023	1	25.93065
2023	1	25.93296
2023	1	25.93527
2023	1	25.93758
2023	1	25.93989
2023	1	25.94220
2023	1	25.94451
2023	1	25.94682
2023	1	25.94913
2023	1	25.95144
2023	1	25.95375
2023	1	25.95606
2023	1	25.95837
2023	1	25.96068
2023	1	25.96299
2023	1	25.96530
2023	1	25.96761
2023	1	25.96992
2023	1	25.97223
2023	1	25.97454
2023	1	25.97685
2023	1	25.97916
2023	1	25.98147
2023	1	25.98378
2023	1	25.98609
2023	1	25.98840
2023	1	25.99071
2023	1	25.99302
2023	1	25.99533
2023	1	25.99764
2023	1	25.99995
2023	1	26.00226
2023	1	26.00457
2023	1	26.00688
2023	1	26.00919
2023	1	26.01150
2023	1	26.01381
2023	1	26.01612
2023	1	26.01843
2023	1	26.02074
2023	1	26.02305
2023	1	26.02536
2023	1	26.02767
2023	1	26.02998
2023	1	26.03229
2023	1	26.03460
2023	1	26.03691
2023	1	26.03922
2023	1	26.04153
2023	1	26.04384
2023	1	26.04615
2023	1	26.04846
2023	1	26.05077
2023	1	26.05308
2023	1	26.05539
2023	1	26.05770
2023	1	26.06001
2023	1	26.06232
2023	1	26.06463
2023	1	26.06694
2023	1	26.06925
2023	1	26.07156
2023	1	26.07387
2023	1	26.07618
2023	1	26.07849
2023	1	26.08080
2023	1	26.08311
2023	1	26.08542
2023	1	26.08773
2023	1	26.09004
2023	1	26.09235
2023	1	26.09466
2023	1	26.09697
2023	1	26.09928
2023	1	26.10159
2023	1	26.10390
2023	1	26.10621
2023	1	26.10852
2023	1	26.11083
2023	1	26.11314
2023	1	26.11545
2023	1	26.11776
2023	1	26.12007
2023	1	26.12238
2023	1	26.12469
2023	1	26.12700
2023	1	26.12931
2023	1	26.13162
2023	1	26.13393
2023	1	26.13624
2023	1	26.13855
2023	1	26.14086
2023	1	26.14317
2023	1	26.14548
2023	1	26.14779
2023	1	26.15010
2023	1	26.15241
2023	1	26.15472
2023	1	26.15703
2023	1	26.15934
2023	1	26.16165
2023	1	26.16396
2023	1	26.16627
2023	1	26.16858
2023	1	26.17089
2023	1	26.17320
2023	1	26.17551
2023	1	26.17782
2023	1	26.18013
2023	1	26.18244
2023	1	26.18475
2023	1	26.18706
2023	1	26.18937
2023	1	26.19168
2023	1	26.19399
2023	1	26.19630
2023	1	26.19861
2023	1	26.20092
2023	1	26.20323
2023	1	26.20554
2023	1	26.20785
2023	1	26.21016
2023	1	26.21247
2023	1	26.21478
2023	1	26.21709
2023	1	26.21940
2023	1	26.22171
2023	1	26.22402
2023	1	26.22633
2023	1	26.22864
2023	1	26.23095
2023	1	26.23326
2023	1	26.23557
2023	1	26.23788
2023	1	26.24019
2023	1	26.24250
2023	1	26.24481
2023	1	26.24712
2023	1	26.24943
2023	1	26.25174
2023	1	26.25405
2023	1	26.25636
2023	1	26.25867
2023	1	26.26098
2023	1	26.26329
2023	1	26.26560
2023	1	26.26791
2023	1	26.27022
2023	1	26.27253
2023	1	26.27484
2023	1	26.27715
2023	1	26.27946
2023	1	26.28177
2023	1	26.28408
2023	1	26.28639
2023	1	26.28870
2023	1	26.29101
2023	1	26.29332
2023	1	26.29563
2023	1	26.29794
2023	1	26.30025
2023	1	26.30256
2023	1	26.30487
2023	1	26.30718
2023	1	26.30949
2023	1	26.31180
2023	1	26.31411
2023	1	26.31642
2023	1	26.31873
2023	1	26.32104
2023	1	26.32335
2023	1	26.32566
2023	1	26.32797
2023	1	26.33028
2023	1	26.33259
2023	1	26.33490
2023	1	26.33721
2023	1	26.33952
2023	1	26.34183
2023	1	26.34414
2023	1	26.34645
2023	1	26.34876
2023	1	26.35107
2023	1	26.35338
2023	1	26.35569
2023	1	26.35800
2023	1	26.36031
2023	1	26.36262
2023	1	26.36493
2023	1	26.36724
2023	1	26.36955
2023	1	26.37186
2023	1	26.37417
2023	1	26.37648
2023	1	26.37879
2023	1	26.38110
2023	1	26.38341
2023	1	26.38572
2023	1	26.38803
2023	1	26.39034
2023	1	26.39265
2023	1	26.39496
2023	1	26.39727
2023	1	26.39958
2023	1	26.40189
2023	1	26.40420
2023	1	26.40651
2023	1	26.40882
2023	1	26.41113
2023	1	26.41344
2023	1	26.41575
2023	1	26.41806
2023	1	26.42037
2023	1	26.42268
2023	1	26.42499
2023	1	26.42730
2023	1	26.42961
2023	1	26.43192
2023	1	26.43423
2023	1	26.43654
2023	1	26.43885
2023	1	26.44116
2023	1	26.44347
2023	1	26.44578
2023	1	26.44809
2023	1	26.45040
2023	1	26.45271
2023	1	26.45502
2023	1	26.45733
2023	1	26.45964
2023	1	26.46195
2023	1	26.46426
2023	1	26.46657
2023	1	26.46888
2023	1	26.47119
2023	1	26.47350
2023	1	26.47581
2023	1	26.47812
2023	1	26.48043
2023	1	26.48274
2023	1	26.48505
2023	1	26.48736
2023	1	26.48967
2023	1	26.49198
2023	1	26.49429
2023	1	26.49660
2023	1	26.49891
2023	1	26.50122
2023	1	26.50353
2023	1	26.50584
2023	1	26.50815
2023	1	26.51046
2023	1	26.51277
2023	1	26.51508
2023	1	26.51739
2023	1	26.51970
2023	1	26.52201
2023	1	26.52432
2023	1	26.52663
2023	1	26.52894
2023	1	26.53125
2023	1	26.53356
2023	1	26.53587
2023	1	26.53818
2023	1	26.54049
2023	1	26.54280
2023	1	26.54511
2023	1	26.54742
2023	1	26.54973
2023	1	26.55204
2023	1	26.55435
2023	1	26.55666
2023	1	26.55897
2023	1	26.56128
2023	1	26.56359
2023	1	26.56590
2023	1	26.56821
2023	1	26.57052
2023	1	26.57283
2023	1	26.57514
2023	1	26.57745
2023	1	26.57976
2023	1	26.58207
2023	1	26.58438
2023	1	26.58669
2023	1	26.58900
2023	1	26.59131
2023	1	26.59362
2023	1	26.59593
2023	1	26.59824
2023	1	26.60055
2023	1	26.60286
2023	1	26.60517
2023	1	26.60748
2023	1	26.60979
2023	1	26.61210
2023	1	26.61441
2023	1	26.61672
2023	1	26.61903
2023	1	26.62134
2023	1	26.62365
2023	1	26.62596
2023	1	26.62827
2023	1	26.63058
2023	1	26.63289
2023	1	26.63520
2023	1	26.63751
2023	1	26.63982
2023	1	26.64213
2023	1	26.64444
2023	1	26.64675
2023	1	26.64906
2023	1	26.65137
2023	1	26.65368
2023	1	26.65599
2023	1	26.65830
2023	1	26.66061
2023	1	26.66292
2023	1	26.66523
2023	1	26.66754
2023	1	26.66985
2023	1	26.67216
2023	1	26.67447
2023	1	26.67678
2023	1	26.67909
2023	1	26.68140
2023	1	26.68371
2023	1	26.68602
2023	1	26.68833
2023	1	26.69064
2023	1	26.69295
2023	1	26.69526
2023	1	26.69757
2023	1	26.69988
2023	1	26.70219
2023	1	26.70450
2023	1	26.70681
2023	1	26.70912
2023	1	26.71143
2023	1	26.71374
2023	1	26.71605
2023	1	26.71836
2023	1	26.72067
2023	1	26.72298
2023	1	26.72529
2023	1	26.72760
2023	1	26.72991
2023	1	26.73222
2023	1	26.73453
2023	1	26.73684
2023	1	26.73915
2023	1	26.74146
2023	1	26.74377
2023	1	26.74608
2023	1	26.74839
2023	1	26.75070
2023	1	26.75301
2023	1	26.75532
2023	1	26.75763
2023	1	26.75994
2023	1	26.76225
2023	1	26.76456
2023	1	26.76687
2023	1	26.76918
2023	1	26.77149
2023	1	26.77380
2023	1	26.77611
2023	1	26.77842
2023	1	26.78073
2023	1	26.78304
2023	1	26.78535
2023	1	26.78766
2023	1	26.78997
2023	1	26.79228
2023	1	26.79459
2023	1	26.79690
2023	1	26.79921
2023	1	26.80152
2023	1	26.80383
2023	1	26.80614
2023	1	26.80845
2023	1	26.81076
2023	1	26.81307
2023	1	26.81538
2023	1	26.81769
2023	1	26.82000
2023	1	26.82231
2023	1	26.82462
2023	1	26.82693
2023	1	26.82924
2023	1	26.83155
2023	1	26.83386
2023	1	26.83617
2023	1	26.83848
2023	1	26.84079
2023	1	26.84310
2023	1	26.84541
2023	1	26.84772
2023	1	26.85003
2023	1	26.85234
2023	1	26.85465
2023	1	26.85696
2023	1	26.85927
2023	1	26.86158
2023	1	26.86389
2023	1	26.86620
2023	1	26.86851
2023	1	26.87082
2023	1	26.87313
2023	1	26.87544
2023	1	26.87775
2023	1	26.88006
2023	1	26.88237
2023	1	26.88468
2023	1	26.88699
2023	1	26.88930
2023	1	26.89161
2023	1	26.89392
2023	1	26.89623
2023	1	26.89854
2023	1	26.90085
2023	1	26.90316
2023	1	26.90547
2023	1	26.90778
2023	1	26.91009
2023	1	26.91240
2023	1	26.91471
2023	1	26.91702
2023	1	26.91933
2023	1	26.92164
2023	1	26.92395
2023	1	26.92626
2023	1	26.92857
2023	1	26.93088
2023	1	26.93319
2023	1	26.93550
2023	1	26.93781
2023	1	26.94012
2023	1	26.94243
2023	1	26.94474
2023	1	26.94705
2023	1	26.94936
2023	1	26.95167
2023	1	26.95398
2023	1	26.95629
2023	1	26.95860
2023	1	26.96091
2023	1	26.96322
2023	1	26.96553
2023	1	26.96784
2023	1	26.97015
2023	1	26.97246
2023	1	26.97477
2023	1	26.97708
2023	1	26.97939
2023	1	26.98170
2023	1	26.98401
2023	1	26.98632
2023	1	26.98863
2023	1	26.99094
2023	1	26.99325
2023	1	26.99556
2023	1	26.99787
2023	1	27.00018
2023	1	27.00249
2023	1	27.00480
2023	1	27.00711
2023	1	27.00942
2023	1	27.01173
2023	1	27.01404
2023	1	27.01635
2023	1	27.01866
2023	1	27.02097
2023	1	27.02328
2023	1	27.02559
2023	1	27.02790
2023	1	27.03021
2023	1	27.03252
2023	1	27.03483
2023	1	27.03714
2023	1	27.03945
2023	1	27.04176
2023	1	27.04407
2023	1	27.04638
2023	1	27.04869
2023	1	27.05100
2023	1	27.05331
2023	1	27.05562
2023	1	27.05793
2023	1	27.06024
2023	1	27.06255
2023	1	27.06486
2023	1	27.06717
2023	1	27.06948
2023	1	27.07179
2023	1	27.07410
2023	1	27.07641
2023	1	27.07872
2023	1	27.08103
2023	1	27.08334
2023	1	27.08565
2023	1	27.08796
2023	1	27.09027
2023	1	27.09258
2023	1	27.09489
2023	1	27.09720
2023	1	27.09951
2023	1	27.10182
2023	1	27.10413
2023	1	27.10644
2023	1	27.10875
2023	1	27.11106
2023	1	27.11337
2023	1	27.11568
2023	1	27.11799
2023	1	27.12030
2023	1	27.12261
2023	1	27.12492
2023	1	27.12723
2023	1	27.12954
2023	1	27.13185
2023	1	27.13416
2023	1	27.13647
2023	1	27.13878
2023	1	27.14109
2023	1	27.14340
2023	1	27.14571
2023	1	27.14802
2023	1	27.15033
2023	1	27.15264
2023	1	27.15495
2023	1	27.15726
2023	1	27.15957
2023	1	27.16188
2023	1	27.16419
2023	1	27.16650
2023	1	27.16881
2023	1	27.17112
2023	1	27.17343
2023	1	27.17574
2023	1	27.17805
2023	1	27.18036
2023	1	27.18267
2023	1	27.18498
2023	1	27.18729
2023	1	27.18960
2023	1	27.19191
2023	1	27.19422
2023	1	27.19653
2023	1	27.19884
2023	1	27.20115
2023	1	27.20346
2023	1	27.20577
2023	1	27.20808
2023	1	27.21039
2023	1	27.21270
2023	1	27.21501
2023	1	27.21732
2023	1	27.21963
2023	1	27.22194
2023	1	27.22425
2023	1	27.22656
2023	1	27.22887
2023	1	27.23118
2023	1	27.23349
2023	1	27.23580
2023	1	27.23811
2023	1	27.24042
2023	1	27.24273
2023	1	27.24504
2023	1	27.24735
2023	1	27.24966
2023	1	27.25197
2023	1	27.25428
2023	1	27.25659
2023	1	27.25890
2023	1	27.26121
2023	1	27.26352
2023	1	27.26583
2023	1	27.26814
2023	1	27.27045
2023	1	27.27276
2023	1	27.27507
2023	1	27.27738
2023	1	27.27969
2023	1	27.28200
2023	1	27.28431
2023	1	27.28662
2023	1	27.28893
2023	1	27.29124
2023	1	27.29355
2023	1	27.29586
2023	1	27.29817
2023	1	27.30048
2023	1	27.30279
2023	1	27.30510
2023	1	27.30741
2023	1	27.30972
2023	1	27.31203
2023	1	27.31434
2023	1	27.31665
2023	1	27.31896
2023	1	27.32127
2023	1	27.32358
2023	1	27.32589
2023	1	27.32820
2023	1	27.33051
2023	1	27.33282
2023	1	27.33513
2023	1	27.33744
2023	1	27.33975
2023	1	27.34206
2023	1	27.34437
2023	1	27.34668
2023	1	27.34899
2023	1	27.35130
2023	1	27.35361
2023	1	27.35592
2023	1	27.35823
2023	1	27.36054
2023	1	27.36285
2023	1	27.36516
2023	1	27.36747
2023	1	27.36978
2023	1	27.37209
2023	1	27.37440
2023	1	27.37671
2023	1	27.37902
2023	1	27.38133
2023	1	27.38364
2023	1	27.38595
2023	1	27.38826
2023	1	27.39057
2023	1	27.39288
2023	1	27.39519
2023	1	27.39750
2023	1	27.39981
2023	1	27.40212
2023	1	27.40443
2023	1	27.40674
2023	1	27.40905
2023	1	27.41136
2023	1	27.41367
2023	1	27.41598
2023	1	27.41829
2023	1	27.42060
2023	1	27.42291
2023	1	27.42522
2023	1	27.42753
2023	1	27.42984
2023	1	27.43215
2023	1	27.43446
2023	1	27.43677
2023	1	27.43908
2023	1	27.44139
2023	1	27.44370
2023	1	27.44601
2023	1	27.44832
2023	1	27.45063
2023	1	27.45294
2023	1	27.45525
2023	1	27.45756
2023	1	27.45987
2023	1	27.46218
2023	1	27.46449
2023	1	27.46680
2023	1	27.46911
2023	1	27.47142
2023	1	27.47373
2023	1	27.47604
2023	1	27.47835
2023	1	27.48066
2023	1	27.48297
2023	1	27.48528
2023	1	27.48759
2023	1	27.48990
2023	1	27.49221
2023	1	27.49452
2023	1	27.49683
2023	1	27.49914
2023	1	27.50145
2023	1	27.50376
2023	1	27.50607
2023	1	27.50838
2023	1	27.51069
2023	1	27.51300
2023	1	27.51531
2023	1	27.51762
2023	1	27.51993
2023	1	27.52224
2023	1	27.52455
2023	1	27.52686
2023	1	27.52917
2023	1	27.53148
2023	1	27.53379
2023	1	27.53610
2023	1	27.53841
2023	1	27.54072
2023	1	27.54303
2023	1	27.54534
2023	1	27.54765
2023	1	27.54996
2023	1	27.55227
2023	1	27.55458
2023	1	27.55689
2023	1	27.55920
2023	1	27.56151
2023	1	27.56382
2023	1	27.56613
2023	1	27.56844
2023	1	27.57075
2023	1	27.57306
2023	1	27.57537
2023	1	27.57768
2023	1	27.57999
2023	1	27.58230
2023	1	27.58461
2023	1	27.58692
2023	1	27.58923
2023	1	27.59154
2023	1	27.59385
2023	1	27.59616
2023	1	27.59847
2023	1	27.60078
2023	1	27.60309
2023	1	27.60540
2023	1	27.60771
2023	1	27.61002
2023	1	27.61233
2023	1	27.61464
2023	1	27.61695
2023	1	27.61926
2023	1	27.62157
2023	1	27.62388
2023	1	27.62619
2023	1	27.62850
2023	1	27.63081
2023	1	27.63312
2023	1	27.63543
2023	1	27.63774
2023	1	27.64005
2023	1	27.64236
2023	1	27.64467
2023	1	27.64698
2023	1	27.64929
2023	1	27.65160
2023	1	27.65391
2023	1	27.65622
2023	1	27.65853
2023	1	27.66084
2023	1	27.66315
2023	1	27.66546
2023	1	27.66777
2023	1	27.67008
2023	1	27.67239
2023	1	27.67470
2023	1	27.67701
2023	1	27.67932
2023	1	27.68163
2023	1	27.68394
2023	1	27.68625
2023	1	27.68856
2023	1	27.69087
2023	1	27.69318
2023	1	27.69549
2023	1	27.69780
2023	1	27.70011
2023	1	27.70242
2023	1	27.70473
2023	1	27.70704
2023	1	27.70935
2023	1	27.71166
2023	1	27.71397
2023	1	27.71628
2023	1	27.71859
2023	1	27.72090
2023	1	27.72321
2023	1	27.72552
2023	1	27.72783
2023	1	27.73014
2023	1	27.73245
2023	1	27.73476
2023	1	27.73707
2023	1	27.73938
2023	1	27.74169
2023	1	27.74400
2023	1	27.74631
2023	1	27.74862
2023	1	27.75093
2023	1	27.75324
2023	1	27.75555
2023	1	27.75786
2023	1	27.76017
2023	1	27.76248
2023	1	27.76479
2023	1	27.76710
2023	1	27.76941
2023	1	27.77172
2023	1	27.77403
2023	1	27.77634
2023	1	27.77865
2023	1	27.78096
2023	1	27.78327
2023	1	27.78558
2023	1	27.78789
2023	1	27.79020
2023	1	27.79251
2023	1	27.79482
2023	1	27.79713
2023	1	27.79944
2023	1	27.80175
2023	1	27.80406
2023	1	27.80637
2023	1	27.80868
2023	1	27.81099
2023	1	27.81330
2023	1	27.81561
2023	1	27.81792
2023	1	27.82023
2023	1	27.82254
2023	1	27.82485
2023	1	27.82716
2023	1	27.82947
2023	1	27.83178
2023	1	27.83409
2023	1	27.83640
2023	1	27.83871
2023	1	27.84102
2023	1	27.84333
2023	1	27.84564
2023	1	27.84795
2023	1	27.85026
2023	1	27.85257
2023	1	27.85488
2023	1	27.85719
2023	1	27.85950
2023	1	27.86181
2023	1	27.86412
2023	1	27.86643
2023	1	27.86874
2023	1	27.87105
2023	1	27.87336
2023	1	27.87567
2023	1	27.87798
2023	1	27.88029
2023	1	27.88260
2023	1	27.88491
2023	1	27.88722
2023	1	27.88953
2023	1	27.89184
2023	1	27.89415
2023	1	27.89646
2023	1	27.89877
2023	1	27.90108
2023	1	27.90339
2023	1	27.90570
2023	1	27.90801
2023	1	27.91032
2023	1	27.91263
2023	1	27.91494
2023	1	27.91725
2023	1	27.91956
2023	1	27.92187
2023	1	27.92418
2023	1	27.92649
2023	1	27.92880
2023	1	27.93111
2023	1	27.93342
2023	1	27.93573
2023	1	27.93804
2023	1	27.94035
2023	1	27.94266
2023	1	27.94497
2023	1	27.94728
2023	1	27.94959
2023	1	27.95190
2023	1	27.95421
2023	1	27.95652
2023	1	27.95883
2023	1	27.96114
2023	1	27.96345
2023	1	27.96576
2023	1	27.96807
2023	1	27.97038
2023	1	27.97269
2023	1	27.97500
2023	1	27.97731
2023	1	27.97962
2023	1	27.98193
2023	1	27.98424
2023	1	27.98655
2023	1	27.98886
2023	1	27.99117
2023	1	27.99348
2023	1	27.99579
2023	1	27.99810
2023	1	28.00041
2023	1	28.00272
2023	1	28.00503
2023	1	28.00734
2023	1	28.00965
2023	1	28.01196
2023	1	28.01427
2023	1	28.01658
2023	1	28.01889
2023	1	28.02120
2023	1	28.02351
2023	1	28.02582
2023	1	28.02813
2023	1	28.03044
2023	1	28.03275
2023	1	28.03506
2023	1	28.03737
2023	1	28.03968
2023	1	28.04199
2023	1	28.04430
2023	1	28.04661
2023	1	28.04892
2023	1	28.05123
2023	1	28.05354
2023	1	28.05585
2023	1	28.05816
2023	1	28.06047
2023	1	28.06278
2023	1	28.06509
2023	1	28.06740
2023	1	28.06971
2023	1	28.07202
2023	1	28.07433
2023	1	28.07664
2023	1	28.07895
2023	1	28.08126
2023	1	28.08357
2023	1	28.08588
2023	1	28.08819
2023	1	28.09050
2023	1	28.09281
2023	1	28.09512
2023	1	28.09743
2023	1	28.09974
2023	1	28.10205
2023	1	28.10436
2023	1	28.10667
2023	1	28.10898
2023	1	28.11129
2023	1	28.11360
2023	1	28.11591
2023	1	28.11822
2023	1	28.12053
2023	1	28.12284
2023	1	28.12515
2023	1	28.12746
2023	1	28.12977
2023	1	28.13208
2023	1	28.13439
2023	1	28.13670
2023	1	28.13901
2023	1	28.14132
2023	1	28.14363
2023	1	28.14594
2023	1	28.14825
2023	1	28.15056
2023	1	28.15287
2023	1	28.15518
2023	1	28.15749
2023	1	28.15980
2023	1	28.16211
2023	1	28.16442
2023	1	28.16673
2023	1	28.16904
2023	1	28.17135
2023	1	28.17366
2023	1	28.17597
2023	1	28.17828
2023	1	28.18059
2023	1	28.18290
2023	1	28.18521
2023	1	28.18752
2023	1	28.18983
2023	1	28.19214
2023	1	28.19445
2023	1	28.19676
2023	1	28.19907
2023	1	28.20138
2023	1	28.20369
2023	1	28.20600
2023	1	28.20831
2023	1	28.21062
2023	1	28.21293
2023	1	28.21524
2023	1	28.21755
2023	1	28.21986
2023	1	28.22217
2023	1	28.22448
2023	1	28.22679
2023	1	28.22910
2023	1	28.23141
2023	1	28.23372
2023	1	28.23603
2023	1	28.23834
2023	1	28.24065
2023	1	28.24296
2023	1	28.24527
2023	1	28.24758
2023	1	28.24989
2023	1	28.25220
2023	1	28.25451
2023	1	28.25682
2023	1	28.25913
2023	1	28.26144
2023	1	28.26375
2023	1	28.26606
2023	1	28.26837
2023	1	28.27068
2023	1	28.27299
2023	1	28.27530
2023	1	28.27761
2023	1	28.27992
2023	1	28.28223
2023	1	28.28454
2023	1	28.28685
2023	1	28.28916
2023	1	28.29147
2023	1	28.29378
2023	1	28.29609
2023	1	28.29840
2023	1	28.30071
2023	1	28.30302
2023	1	28.30533
2023	1	28.30764
2023	1	28.30995
2023	1	28.31226
2023	1	28.31457
2023	1	28.31688
2023	1	28.31919
2023	1	28.32150
2023	1	28.32381
2023	1	28.32612
2023	1	28.32843
2023	1	28.33074
2023	1	28.33305
2023	1	28.33536
2023	1	28.33767
2023	1	28.33998
2023	1	28.34229
2023	1	28.34460
2023	1	28.34691
2023	1	28.34922
2023	1	28.35153
2023	1	28.35384
2023	1	28.35615
2023	1	28.35846
2023	1	28.36077
2023	1	28.36308
2023	1	28.36539
2023	1	28.36770
2023	1	28.37001
2023	1	28.37232
2023	1	28.37463
2023	1	28.37694
2023	1	28.37925
2023	1	28.38156
2023	1	28.38387
2023	1	28.38618
2023	1	28.38849
2023	1	28.39080
2023	1	28.39311
2023	1	28.39542
2023	1	28.39773
2023	1	28.40004
2023	1	28.40235
2023	1	28.40466
2023	1	28.40697
2023	1	28.40928
2023	1	28.41159
2023	1	28.41390
2023	1	28.41621
2023	1	28.41852
2023	1	28.42083
2023	1	28.42314
2023	1	28.42545
2023	1	28.42776
2023	1	28.43007
2023	1	28.43238
2023	1	28.43469
2023	1	28.43700
2023	1	28.43931
2023	1	28.44162
2023	1	28.44393
2023	1	28.44624
2023	1	28.44855
2023	1	28.45086
2023	1	28.45317
2023	1	28.45548
2023	1	28.45779
2023	1	28.46010
2023	1	28.46241
2023	1	28.46472
2023	1	28.46703
2023	1	28.46934
2023	1	28.47165
2023	1	28.47396
2023	1	28.47627
2023	1	28.47858
2023	1	28.48089
2023	1	28.48320
2023	1	28.48551
2023	1	28.48782
2023	1	28.49013
2023	1	28.49244
2023	1	28.49475
2023	1	28.49706
2023	1	28.49937
2023	1	28.50168
2023	1	28.50399
2023	1	28.50630
2023	1	28.50861
2023	1	28.51092
2023	1	28.51323
2023	1	28.51554
2023	1	28.51785
2023	1	28.52016
2023	1	28.52247
2023	1	28.52478
2023	1	28.52709
2023	1	28.52940
2023	1	28.53171
2023	1	28.53402
2023	1	28.53633
2023	1	28.53864
2023	1	28.54095
2023	1	28.54326
2023	1	28.54557
2023	1	28.54788
2023	1	28.55019
2023	1	28.55250
2023	1	28.55481
2023	1	28.55712
2023	1	28.55943
2023	1	28.56174
2023	1	28.56405
2023	1	28.56636
2023	1	28.56867
2023	1	28.57098
2023	1	28.57329
2023	1	28.57560
2023	1	28.57791
2023	1	28.58022
2023	1	28.58253
2023	1	28.58484
2023	1	28.58715
2023	1	28.58946
2023	1	28.59177
2023	1	28.59408
2023	1	28.59639
2023	1	28.59870
2023	1	28.60101
2023	1	28.60332
2023	1	28.60563
2023	1	28.60794
2023	1	28.61025
2023	1	28.61256
2023	1	28.61487
2023	1	28.61718
2023	1	28.61949
2023	1	28.62180
2023	1	28.62411
2023	1	28.62642
2023	1	28.62873
2023	1	28.63104
2023	1	28.63335
2023	1	28.63566
2023	1	28.63797
2023	1	28.64028
2023	1	28.64259
2023	1	28.64490
2023	1	28.64721
2023	1	28.64952
2023	1	28.65183
2023	1	28.65414
2023	1	28.65645
2023	1	28.65876
2023	1	28.66107
2023	1	28.66338
2023	1	28.66569
2023	1	28.66800
2023	1	28.67031
2023	1	28.67262
2023	1	28.67493
2023	1	28.67724
2023	1	28.67955
2023	1	28.68186
2023	1	28.68417
2023	1	28.68648
2023	1	28.68879
2023	1	28.69110
2023	1	28.69341
2023	1	28.69572
2023	1	28.69803
2023	1	28.70034
2023	1	28.70265
2023	1	28.70496
2023	1	28.70727
2023	1	28.70958
2023	1	28.71189
2023	1	28.71420
2023	1	28.71651
2023	1	28.71882
2023	1	28.72113
2023	1	28.72344
2023	1	28.72575
2023	1	28.72806
2023	1	28.73037
2023	1	28.73268
2023	1	28.73499
2023	1	28.73730
2023	1	28.73961
2023	1	28.74192
2023	1	28.74423
2023	1	28.74654
2023	1	28.74885
2023	1	28.75116
2023	1	28.75347
2023	1	28.75578
2023	1	28.75809
2023	1	28.76040
2023	1	28.76271
2023	1	28.76502
2023	1	28.76733
2023	1	28.76964
2023	1	28.77195
2023	1	28.77426
2023	1	28.77657
2023	1	28.77888
2023	1	28.78119
2023	1	28.78350
2023	1	28.78581
2023	1	28.78812
2023	1	28.79043
2023	1	28.79274
2023	1	28.79505
2023	1	28.79736
2023	1	28.79967
2023	1	28.80198
2023	1	28.80429
2023	1	28.80660
2023	1	28.80891
2023	1	28.81122
2023	1	28.81353
2023	1	28.81584
2023	1	28.81815
2023	1	28.82046
2023	1	28.82277
2023	1	28.82508
2023	1	28.82739
2023	1	28.82970
2023	1	28.83201
2023	1	28.83432
2023	1	28.83663
2023	1	28.83894
2023	1	28.84125
2023	1	28.84356
2023	1	28.84587
2023	1	28.84818
2023	1	28.85049
2023	1	28.85280
2023	1	28.85511
2023	1	28.85742
2023	1	28.85973
2023	1	28.86204
2023	1	28.86435
2023	1	28.86666
2023	1	28.86897
2023	1	28.87128
2023	1	28.87359
2023	1	28.87590
2023	1	28.87821
2023	1	28.88052
2023	1	28.88283
2023	1	28.88514
2023	1	28.88745
2023	1	28.88976
2023	1	28.89207
2023	1	28.89438
2023	1	28.89669
2023	1	28.89900
2023	1	28.90131
2023	1	28.90362
2023	1	28.90593
2023	1	28.90824
2023	1	28.91055
2023	1	28.91286
2023	1	28.91517
2023	1	28.91748
2023	1	28.91979
2023	1	28.92210
2023	1	28.92441
2023	1	28.92672
2023	1	28.92903
2023	1	28.93134
2023	1	28.93365
2023	1	28.93596
2023	1	28.93827
2023	1	28.94058
2023	1	28.94289
2023	1	28.94520
2023	1	28.94751
2023	1	28.94982
2023	1	28.95213
2023	1	28.95444
2023	1	28.95675
2023	1	28.95906
2023	1	28.96137
2023	1	28.96368
2023	1	28.96599
2023	1	28.96830
2023	1	28.97061
2023	1	28.97292
2023	1	28.97523
2023	1	28.97754
2023	1	28.97985
2023	1	28.98216
2023	1	28.98447
2023	1	28.98678
2023	1	28.98909
2023	1	28.99140
2023	1	28.99371
2023	1	28.99602
2023	1	28.99833
2023	1	29.00064
2023	1	29.00295
2023	1	29.00526
2023	1	29.00757
2023	1	29.00988
2023	1	29.01219
2023	1	29.01450
2023	1	29.01681
2023	1	29.01912
2023	1	29.02143
2023	1	29.02374
2023	1	29.02605
2023	1	29.02836
2023	1	29.03067
2023	1	29.03298
2023	1	29.03529
2023	1	29.03760
2023	1	29.03991
2023	1	29.04222
2023	1	29.04453
2023	1	29.04684
2023	1	29.04915
2023	1	29.05146
2023	1	29.05377
2023	1	29.05608
2023	1	29.05839
2023	1	29.06070
2023	1	29.06301
2023	1	29.06532
2023	1	29.06763
2023	1	29.06994
2023	1	29.07225
2023	1	29.07456
2023	1	29.07687
2023	1	29.07918
2023	1	29.08149
2023	1	29.08380
2023	1	29.08611
2023	1	29.08842
2023	1	29.09073
2023	1	29.09304
2023	1	29.09535
2023	1	29.09766
2023	1	29.09997
2023	1	29.10228
2023	1	29.10459
2023	1	29.10690
2023	1	29.10921
2023	1	29.11152
2023	1	29.11383
2023	1	29.11614
2023	1	29.11845
2023	1	29.12076
2023	1	29.12307
2023	1	29.12538
2023	1	29.12769
2023	1	29.13000
2023	1	29.13231
2023	1	29.13462
2023	1	29.13693
2023	1	29.13924
2023	1	29.14155
2023	1	29.14386
2023	1	29.14617
2023	1	29.14848
2023	1	29.15079
2023	1	29.15310
2023	1	29.15541
2023	1	29.15772
2023	1	29.16003
2023	1	29.16234
2023	1	29.16465
2023	1	29.16696
2023	1	29.16927
2023	1	29.17158
2023	1	29.17389
2023	1	29.17620
2023	1	29.17851
2023	1	29.18082
2023	1	29.18313
2023	1	29.18544
2023	1	29.18775
2023	1	29.19006
2023	1	29.19237
2023	1	29.19468
2023	1	29.19699
2023	1	29.19930
2023	1	29.20161
2023	1	29.20392
2023	1	29.20623
2023	1	29.20854
2023	1	29.21085
2023	1	29.21316
2023	1	29.21547
2023	1	29.21778
2023	1	29.22009
2023	1	29.22240
2023	1	29.22471
2023	1	29.22702
2023	1	29.22933
2023	1	29.23164
2023	1	29.23395
2023	1	29.23626
2023	1	29.23857
2023	1	29.24088
2023	1	29.24319
2023	1	29.24550
2023	1	29.24781
2023	1	29.25012
2023	1	29.25243
2023	1	29.25474
2023	1	29.25705
2023	1	29.25936
2023	1	29.26167
2023	1	29.26398
2023	1	29.26629
2023	1	29.26860
2023	1	29.27091
2023	1	29.27322
2023	1	29.27553
2023	1	29.27784
2023	1	29.28015
2023	1	29.28246
2023	1	29.28477
2023	1	29.28708
2023	1	29.28939
2023	1	29.29170
2023	1	29.29401
2023	1	29.29632
2023	1	29.29863
2023	1	29.30094
2023	1	29.30325
2023	1	29.30556
2023	1	29.30787
2023	1	29.31018
2023	1	29.31249
2023	1	29.31480
2023	1	29.31711
2023	1	29.31942
2023	1	29.32173
2023	1	29.32404
2023	1	29.32635
2023	1	29.32866
2023	1	29.33097
2023	1	29.33328
2023	1	29.33559
2023	1	29.33790
2023	1	29.34021
2023	1	29.34252
2023	1	29.34483
2023	1	29.34714
2023	1	29.34945
2023	1	29.35176
2023	1	29.35407
2023	1	29.35638
2023	1	29.35869
2023	1	29.36100
2023	1	29.36331
2023	1	29.36562
2023	1	29.36793
2023	1	29.37024
2023	1	29.37255
2023	1	29.37486
2023	1	29.37717
2023	1	29.37948
2023	1	29.38179
2023	1	29.38410
2023	1	29.38641
2023	1	29.38872
2023	1	29.39103
2023	1	29.39334
2023	1	29.39565
2023	1	29.39796
2023	1	29.40027
2023	1	29.40258
2023	1	29.40489
2023	1	29.40720
2023	1	29.40951
2023	1	29.41182
2023	1	29.41413
2023	1	29.41644
2023	1	29.41875
2023	1	29.42106
2023	1	29.42337
2023	1	29.42568
2023	1	29.42799
2023	1	29.43030
2023	1	29.43261
2023	1	29.43492
2023	1	29.43723
2023	1	29.43954
2023	1	29.44185
2023	1	29.44416
2023	1	29.44647
2023	1	29.44878
2023	1	29.45109
2023	1	29.45340
2023	1	29.45571
2023	1	29.45802
2023	1	29.46033
2023	1	29.46264
2023	1	29.46495
2023	1	29.46726
2023	1	29.46957
2023	1	29.47188
2023	1	29.47419
2023	1	29.47650
2023	1	29.47881
2023	1	29.48112
2023	1	29.48343
2023	1	29.48574
2023	1	29.48805
2023	1	29.49036
2023	1	29.49267
2023	1	29.49498
2023	1	29.49729
2023	1	29.49960
2023	1	29.50191
2023	1	29.50422
2023	1	29.50653
2023	1	29.50884
2023	1	29.51115
2023	1	29.51346
2023	1	29.51577
2023	1	29.51808
2023	1	29.52039
2023	1	29.52270
2023	1	29.52501
2023	1	29.52732
2023	1	29.52963
2023	1	29.53194
2023	1	29.53425
2023	1	29.53656
2023	1	29.53887
2023	1	29.54118
2023	1	29.54349
2023	1	29.54580
2023	1	29.54811
2023	1	29.55042
2023	1	29.55273
2023	1	29.55504
2023	1	29.55735
2023	1	29.55966
2023	1	29.56197
2023	1	29.56428
2023	1	29.56659
2023	1	29.56890
2023	1	29.57121
2023	1	29.57352
2023	1	29.57583
2023	1	29.57814
2023	1	29.58045
2023	1	29.58276
2023	1	29.58507
2023	1	29.58738
2023	1	29.58969
2023	1	29.59200
2023	1	29.59431
2023	1	29.59662
2023	1	29.59893
2023	1	29.60124
2023	1	29.60355
2023	1	29.60586
2023	1	29.60817
2023	1	29.61048
2023	1	29.61279
2023	1	29.61510
2023	1	29.61741
2023	1	29.61972
2023	1	29.62203
2023	1	29.62434
2023	1	29.62665
2023	1	29.62896
2023	1	29.63127
2023	1	29.63358
2023	1	29.63589
2023	1	29.63820
2023	1	29.64051
2023	1	29.64282
2023	1	29.64513
2023	1	29.64744
2023	1	29.64975
2023	1	29.65206
2023	1	29.65437
2023	1	29.65668
2023	1	29.65899
2023	1	29.66130
2023	1	29.66361
2023	1	29.66592
2023	1	29.66823
2023	1	29.67054
2023	1	29.67285
2023	1	29.67516
2023	1	29.67747
2023	1	29.67978
2023	1	29.68209
2023	1	29.68440
2023	1	29.68671
2023	1	29.68902
2023	1	29.69133
2023	1	29.69364
2023	1	29.69595
2023	1	29.69826
2023	1	29.70057
2023	1	29.70288
2023	1	29.70519
2023	1	29.70750
2023	1	29.70981
2023	1	29.71212
2023	1	29.71443
2023	1	29.71674
2023	1	29.71905
2023	1	29.72136
2023	1	29.72367
2023	1	29.72598
2023	1	29.72829
2023	1	29.73060
2023	1	29.73291
2023	1	29.73522
2023	1	29.73753
2023	1	29.73984
2023	1	29.74215
2023	1	29.74446
2023	1	29.74677
2023	1	29.74908
2023	1	29.75139
2023	1	29.75370
2023	1	29.75601
2023	1	29.75832
2023	1	29.76063
2023	1	29.76294
2023	1	29.76525
2023	1	29.76756
2023	1	29.76987
2023	1	29.77218
2023	1	29.77449
2023	1	29.77680
2023	1	29.77911
2023	1	29.78142
2023	1	29.78373
2023	1	29.78604
2023	1	29.78835
2023	1	29.79066
2023	1	29.79297
2023	1	29.79528
2023	1	29.79759
2023	1	29.79990
2023	1	29.80221
2023	1	29.80452
2023	1	29.80683
2023	1	29.80914
2023	1	29.81145
2023	1	29.81376
2023	1	29.81607
2023	1	29.81838
2023	1	29.82069
2023	1	29.82300
2023	1	29.82531
2023	1	29.82762
2023	1	29.82993
2023	1	29.83224
2023	1	29.83455
2023	1	29.83686
2023	1	29.83917
2023	1	29.84148
2023	1	29.84379
2023	1	29.84610
2023	1	29.84841
2023	1	29.85072
2023	1	29.85303
2023	1	29.85534
2023	1	29.85765
2023	1	29.85996
2023	1	29.86227
2023	1	29.86458
2023	1	29.86689
2023	1	29.86920
2023	1	29.87151
2023	1	29.87382
2023	1	29.87613
2023	1	29.87844
2023	1	29.88075
2023	1	29.88306
2023	1	29.88537
2023	1	29.88768
2023	1	29.88999
2023	1	29.89230
2023	1	29.89461
2023	1	29.89692
2023	1	29.89923
2023	1	29.90154
2023	1	29.90385
2023	1	29.90616
2023	1	29.90847
2023	1	29.91078
2023	1	29.91309
2023	1	29.91540
2023	1	29.91771
2023	1	29.92002
2023	1	29.92233
2023	1	29.92464
2023	1	29.92695
2023	1	29.92926
2023	1	29.93157
2023	1	29.93388
2023	1	29.93619
2023	1	29.93850
2023	1	29.94081
2023	1	29.94312
2023	1	29.94543
2023	1	29.94774
2023	1	29.95005
2023	1	29.95236
2023	1	29.95467
2023	1	29.95698
2023	1	29.95929
2023	1	29.96160
2023	1	29.96391
2023	1	29.96622
2023	1	29.96853
2023	1	29.97084
2023	1	29.97315
2023	1	29.97546
2023	1	29.97777
2023	1	29.98008
2023	1	29.98239
2023	1	29.98470
2023	1	29.98701
2023	1	29.98932
2023	1	29.99163
2023	1	29.99394
2023	1	29.99625
2023	1	29.99856
2023	1	30.00087
2023	1	30.00318
2023	1	30.00549
2023	1	30.00780
2023	1	30.01011
2023	1	30.01242
2023	1	30.01473
2023	1	30.01704
2023	1	30.01935
2023	1	30.02166
2023	1	30.02397
2023	1	30.02628
2023	1	30.02859
2023	1	30.03090
2023	1	30.03321
2023	1	30.03552
2023	1	30.03783
2023	1	30.04014
2023	1	30.04245
2023	1	30.04476
2023	1	30.04707
2023	1	30.04938
2023	1	30.05169
2023	1	30.05400
2023	1	30.05631
2023	1	30.05862
2023	1	30.06093
2023	1	30.06324
2023	1	30.06555
2023	1	30.06786
2023	1	30.07017
2023	1	30.07248
2023	1	30.07479
2023	1	30.07710
2023	1	30.07941
2023	1	30.08172
2023	1	30.08403
2023	1	30.08634
2023	1	30.08865
2023	1	30.09096
2023	1	30.09327
2023	1	30.09558
2023	1	30.09789
2023	1	30.10020
2023	1	30.10251
2023	1	30.10482
2023	1	30.10713
2023	1	30.10944
2023	1	30.11175
2023	1	30.11406
2023	1	30.11637
2023	1	30.11868
2023	1	30.12099
2023	1	30.12330
2023	1	30.12561
2023	1	30.12792
2023	1	30.13023
2023	1	30.13254
2023	1	30.13485
2023	1	30.13716
2023	1	30.13947
2023	1	30.14178
2023	1	30.14409
2023	1	30.14640
2023	1	30.14871
2023	1	30.15102
2023	1	30.15333
2023	1	30.15564
2023	1	30.15795
2023	1	30.16026
2023	1	30.16257
2023	1	30.16488
2023	1	30.16719
2023	1	30.16950
2023	1	30.17181
2023	1	30.17412
2023	1	30.17643
2023	1	30.17874
2023	1	30.18105
2023	1	30.18336
2023	1	30.18567
2023	1	30.18798
2023	1	30.19029
2023	1	30.19260
2023	1	30.19491
2023	1	30.19722
2023	1	30.19953
2023	1	30.20184
2023	1	30.20415
2023	1	30.20646
2023	1	30.20877
2023	1	30.21108
2023	1	30.21339
2023	1	30.21570
2023	1	30.21801
2023	1	30.22032
2023	1	30.22263
2023	1	30.22494
2023	1	30.22725
2023	1	30.22956
2023	1	30.23187
2023	1	30.23418
2023	1	30.23649
2023	1	30.23880
2023	1	30.24111
2023	1	30.24342
2023	1	30.24573
2023	1	30.24804
2023	1	30.25035
2023	1	30.25266
2023	1	30.25497
2023	1	30.25728
2023	1	30.25959
2023	1	30.26190
2023	1	30.26421
2023	1	30.26652
2023	1	30.26883
2023	1	30.27114
2023	1	30.27345
2023	1	30.27576
2023	1	30.27807
2023	1	30.28038
2023	1	30.28269
2023	1	30.28500
2023	1	30.28731
2023	1	30.28962
2023	1	30.29193
2023	1	30.29424
2023	1	30.29655
2023	1	30.29886
2023	1	30.30117
2023	1	30.30348
2023	1	30.30579
2023	1	30.30810
2023	1	30.31041
2023	1	30.31272
2023	1	30.31503
2023	1	30.31734
2023	1	30.31965
2023	1	30.32196
2023	1	30.32427
2023	1	30.32658
2023	1	30.32889
2023	1	30.33120
2023	1	30.33351
2023	1	30.33582
2023	1	30.33813
2023	1	30.34044
2023	1	30.34275
2023	1	30.34506
2023	1	30.34737
2023	1	30.34968
2023	1	30.35199
2023	1	30.35430
2023	1	30.35661
2023	1	30.35892
2023	1	30.36123
2023	1	30.36354
2023	1	30.36585
2023	1	30.36816
2023	1	30.37047
2023	1	30.37278
2023	1	30.37509
2023	1	30.37740
2023	1	30.37971
2023	1	30.38202
2023	1	30.38433
2023	1	30.38664
2023	1	30.38895
2023	1	30.39126
2023	1	30.39357
2023	1	30.39588
2023	1	30.39819
2023	1	30.40050
2023	1	30.40281
2023	1	30.40512
2023	1	30.40743
2023	1	30.40974
2023	1	30.41205
2023	1	30.41436
2023	1	30.41667
2023	1	30.41898
2023	1	30.42129
2023	1	30.42360
2023	1	30.42591
2023	1	30.42822
2023	1	30.43053
2023	1	30.43284
2023	1	30.43515
2023	1	30.43746
2023	1	30.43977
2023	1	30.44208
2023	1	30.44439
2023	1	30.44670
2023	1	30.44901
2023	1	30.45132
2023	1	30.45363
2023	1	30.45594
2023	1	30.45825
2023	1	30.46056
2023	1	30.46287
2023	1	30.46518
2023	1	30.46749
2023	1	30.46980
2023	1	30.47211
2023	1	30.47442
2023	1	30.47673
2023	1	30.47904
2023	1	30.48135
2023	1	30.48366
2023	1	30.48597
2023	1	30.48828
2023	1	30.49059
2023	1	30.49290
2023	1	30.49521
2023	1	30.49752
2023	1	30.49983
2023	1	30.50214
2023	1	30.50445
2023	1	30.50676
2023	1	30.50907
2023	1	30.51138
2023	1	30.51369
2023	1	30.51600
2023	1	30.51831
2023	1	30.52062
2023	1	30.52293
2023	1	30.52524
2023	1	30.52755
2023	1	30.52986
2023	1	30.53217
2023	1	30.53448
2023	1	30.53679
2023	1	30.53910
2023	1	30.54141
2023	1	30.54372
2023	1	30.54603
2023	1	30.54834
2023	1	30.55065
2023	1	30.55296
2023	1	30.55527
2023	1	30.55758
2023	1	30.55989
2023	1	30.56220
2023	1	30.56451
2023	1	30.56682
2023	1	30.56913
2023	1	30.57144
2023	1	30.57375
2023	1	30.57606
2023	1	30.57837
2023	1	30.58068
2023	1	30.58299
2023	1	30.58530
2023	1	30.58761
2023	1	30.58992
2023	1	30.59223
2023	1	30.59454
2023	1	30.59685
2023	1	30.59916
2023	1	30.60147
2023	1	30.60378
2023	1	30.60609
2023	1	30.60840
2023	1	30.61071
2023	1	30.61302
2023	1	30.61533
2023	1	30.61764
2023	1	30.61995
2023	1	30.62226
2023	1	30.62457
2023	1	30.62688
2023	1	30.62919
2023	1	30.63150
2023	1	30.63381
2023	1	30.63612
2023	1	30.63843
2023	1	30.64074
2023	1	30.64305
2023	1	30.64536
2023	1	30.64767
2023	1	30.64998
2023	1	30.65229
2023	1	30.65460
2023	1	30.65691
2023	1	30.65922
2023	1	30.66153
2023	1	30.66384
2023	1	30.66615
2023	1	30.66846
2023	1	30.67077
2023	1	30.67308
2023	1	30.67539
2023	1	30.67770
2023	1	30.68001
2023	1	30.68232
2023	1	30.68463
2023	1	30.68694
2023	1	30.68925
2023	1	30.69156
2023	1	30.69387
2023	1	30.69618
2023	1	30.69849
2023	1	30.70080
2023	1	30.70311
2023	1	30.70542
2023	1	30.70773
2023	1	30.71004
2023	1	30.71235
2023	1	30.71466
2023	1	30.71697
2023	1	30.71928
2023	1	30.72159
2023	1	30.72390
2023	1	30.72621
2023	1	30.72852
2023	1	30.73083
2023	1	30.73314
2023	1	30.73545
2023	1	30.73776
2023	1	30.74007
2023	1	30.74238
2023	1	30.74469
2023	1	30.74700
2023	1	30.74931
2023	1	30.75162
2023	1	30.75393
2023	1	30.75624
2023	1	30.75855
2023	1	30.76086
2023	1	30.76317
2023	1	30.76548
2023	1	30.76779
2023	1	30.77010
2023	1	30.77241
2023	1	30.77472
2023	1	30.77703
2023	1	30.77934
2023	1	30.78165
2023	1	30.78396
2023	1	30.78627
2023	1	30.78858
2023	1	30.79089
2023	1	30.79320
2023	1	30.79551
2023	1	30.79782
2023	1	30.80013
2023	1	30.80244
2023	1	30.80475
2023	1	30.80706
2023	1	30.80937
2023	1	30.81168
2023	1	30.81399
2023	1	30.81630
2023	1	30.81861
2023	1	30.82092
2023	1	30.82323
2023	1	30.82554
2023	1	30.82785
2023	1	30.83016
2023	1	30.83247
2023	1	30.83478
2023	1	30.83709
2023	1	30.83940
2023	1	30.84171
2023	1	30.84402
2023	1	30.84633
2023	1	30.84864
2023	1	30.85095
2023	1	30.85326
2023	1	30.85557
2023	1	30.85788
2023	1	30.86019
2023	1	30.86250
2023	1	30.86481
2023	1	30.86712
2023	1	30.86943
2023	1	30.87174
2023	1	30.87405
2023	1	30.87636
2023	1	30.87867
2023	1	30.88098
2023	1	30.88329
2023	1	30.88560
2023	1	30.88791
2023	1	30.89022
2023	1	30.89253
2023	1	30.89484
2023	1	30.89715
2023	1	30.89946
2023	1	30.90177
2023	1	30.90408
2023	1	30.90639
2023	1	30.90870
2023	1	30.91101
2023	1	30.91332
2023	1	30.91563
2023	1	30.91794
2023	1	30.92025
2023	1	30.92256
2023	1	30.92487
2023	1	30.92718
2023	1	30.92949
2023	1	30.93180
2023	1	30.93411
2023	1	30.93642
2023	1	30.93873
2023	1	30.94104
2023	1	30.94335
2023	1	30.94566
2023	1	30.94797
2023	1	30.95028
2023	1	30.95259
2023	1	30.95490
2023	1	30.95721
2023	1	30.95952
2023	1	30.96183
2023	1	30.96414
2023	1	30.96645
2023	1	30.96876
2023	1	30.97107
2023	1	30.97338
2023	1	30.97569
2023	1	30.97800
2023	1	30.98031
2023	1	30.98262
2023	1	30.98493
2023	1	30.98724
2023	1	30.98955
2023	1	30.99186
2023	1	30.99417
2023	1	30.99648
2023	1	30.99879
2023	1	31.00110
2023	1	31.00341
2023	1	31.00572
2023	1	31.00803
2023	1	31.01034
2023	1	31.01265
2023	1	31.01496
2023	1	31.01727
2023	1	31.01958
2023	1	31.02189
2023	1	31.02420
2023	1	31.02651
2023	1	31.02882
2023	1	31.03113
2023	1	31.03344
2023	1	31.03575
2023	1	31.03806
2023	1	31.04037
2023	1	31.04268
2023	1	31.04499
2023	1	31.04730
2023	1	31.04961
2023	1	31.05192
2023	1	31.05423
2023	1	31.05654
2023	1	31.05885
2023	1	31.06116
2023	1	31.06347
2023	1	31.06578
2023	1	31.06809
2023	1	31.07040
2023	1	31.07271
2023	1	31.07502
2023	1	31.07733
2023	1	31.07964
2023	1	31.08195
2023	1	31.08426
2023	1	31.08657
2023	1	31.08888
2023	1	31.09119
2023	1	31.09350
2023	1	31.09581
2023	1	31.09812
2023	1	31.10043
2023	1	31.10274
2023	1	31.10505
2023	1	31.10736
2023	1	31.10967
2023	1	31.11198
2023	1	31.11429
2023	1	31.11660
2023	1	31.11891
2023	1	31.12122
2023	1	31.12353
2023	1	31.12584
2023	1	31.12815
2023	1	31.13046
2023	1	31.13277
2023	1	31.13508
2023	1	31.13739
2023	1	31.13970
2023	1	31.14201
2023	1	31.14432
2023	1	31.14663
2023	1	31.14894
2023	1	31.15125
2023	1	31.15356
2023	1	31.15587
2023	1	31.15818
2023	1	31.16049
2023	1	31.16280
2023	1	31.16511
2023	1	31.16742
2023	1	31.16973
2023	1	31.17204
2023	1	31.17435
2023	1	31.17666
2023	1	31.17897
2023	1	31.18128
2023	1	31.18359
2023	1	31.18590
2023	1	31.18821
2023	1	31.19052
2023	1	31.19283
2023	1	31.19514
2023	1	31.19745
2023	1	31.19976
2023	1	31.20207
2023	1	31.20438
2023	1	31.20669
2023	1	31.20900
2023	1	31.21131
2023	1	31.21362
2023	1	31.21593
2023	1	31.21824
2023	1	31.22055
2023	1	31.22286
2023	1	31.22517
2023	1	31.22748
2023	1	31.22979
2023	1	31.23210
2023	1	31.23441
2023	1	31.23672
2023	1	31.23903
2023	1	31.24134
2023	1	31.24365
2023	1	31.24596
2023	1	31.24827
2023	1	31.25058
2023	1	31.25289
2023	1	31.25520
2023	1	31.25751
2023	1	31.25982
2023	1	31.26213
2023	1	31.26444
2023	1	31.26675
2023	1	31.26906
2023	1	31.27137
2023	1	31.27368
2023	1	31.27599
2023	1	31.27830
2023	1	31.28061
2023	1	31.28292
2023	1	31.28523
2023	1	31.28754
2023	1	31.28985
2023	1	31.29216
2023	1	31.29447
2023	1	31.29678
2023	1	31.29909
2023	1	31.30140
2023	1	31.30371
2023	1	31.30602
2023	1	31.30833
2023	1	31.31064
2023	1	31.31295
2023	1	31.31526
2023	1	31.31757
2023	1	31.31988
2023	1	31.32219
2023	1	31.32450
2023	1	31.32681
2023	1	31.32912
2023	1	31.33143
2023	1	31.33374
2023	1	31.33605
2023	1	31.33836
2023	1	31.34067
2023	1	31.34298
2023	1	31.34529
2023	1	31.34760
2023	1	31.34991
2023	1	31.35222
2023	1	31.35453
2023	1	31.35684
2023	1	31.35915
2023	1	31.36146
2023	1	31.36377
2023	1	31.36608
2023	1	31.36839
2023	1	31.37070
2023	1	31.37301
2023	1	31.37532
2023	1	31.37763
2023	1	31.37994
2023	1	31.38225
2023	1	31.38456
2023	1	31.38687
2023	1	31.38918
2023	1	31.39149
2023	1	31.39380
2023	1	31.39611
2023	1	31.39842
2023	1	31.40073
2023	1	31.40304
2023	1	31.40535
2023	1	31.40766
2023	1	31.40997
2023	1	31.41228
2023	1	31.41459
2023	1	31.41690
2023	1	31.41921
2023	1	31.42152
2023	1	31.42383
2023	1	31.42614
2023	1	31.42845
2023	1	31.43076
2023	1	31.43307
2023	1	31.43538
2023	1	31.43769
2023	1	31.44000
2023	1	31.44231
2023	1	31.44462
2023	1	31.44693
2023	1	31.44924
2023	1	31.45155
2023	1	31.45386
2023	1	31.45617
2023	1	31.45848
2023	1	31.46079
2023	1	31.46310
2023	1	31.46541
2023	1	31.46772
2023	1	31.47003
2023	1	31.47234
2023	1	31.47465
2023	1	31.47696
2023	1	31.47927
2023	1	31.48158
2023	1	31.48389
2023	1	31.48620
2023	1	31.48851
2023	1	31.49082
2023	1	31.49313
2023	1	31.49544
2023	1	31.49775
2023	1	31.50006
2023	1	31.50237
2023	1	31.50468
2023	1	31.50699
2023	1	31.50930
2023	1	31.51161
2023	1	31.51392
2023	1	31.51623
2023	1	31.51854
2023	1	31.52085
2023	1	31.52316
2023	1	31.52547
2023	1	31.52778
2023	1	31.53009
2023	1	31.53240
2023	1	31.53471
2023	1	31.53702
2023	1	31.53933
2023	1	31.54164
2023	1	31.54395
2023	1	31.54626
2023	1	31.54857
2023	1	31.55088
2023	1	31.55319
2023	1	31.55550
2023	1	31.55781
2023	1	31.56012
2023	1	31.56243
2023	1	31.56474
2023	1	31.56705
2023	1	31.56936
2023	1	31.57167
2023	1	31.57398
2023	1	31.57629
2023	1	31.57860
2023	1	31.58091
2023	1	31.58322
2023	1	31.58553
2023	1	31.58784
2023	1	31.59015
2023	1	31.59246
2023	1	31.59477
2023	1	31.59708
2023	1	31.59939
2023	1	31.60170
2023	1	31.60401
2023	1	31.60632
2023	1	31.60863
2023	1	31.61094
2023	1	31.61325
2023	1	31.61556
2023	1	31.61787
2023	1	31.62018
2023	1	31.62249
2023	1	31.62480
2023	1	31.62711
2023	1	31.62942
2023	1	31.63173
2023	1	31.63404
2023	1	31.63635
2023	1	31.63866
2023	1	31.64097
2023	1	31.64328
2023	1	31.64559
2023	1	31.64790
2023	1	31.65021
2023	1	31.65252
2023	1	31.65483
2023	1	31.65714
2023	1	31.65945
2023	1	31.66176
2023	1	31.66407
2023	1	31.66638
2023	1	31.66869
2023	1	31.67100
2023	1	31.67331
2023	1	31.67562
2023	1	31.67793
2023	1	31.68024
2023	1	31.68255
2023	1	31.68486
2023	1	31.68717
2023	1	31.68948
2023	1	31.69179
2023	1	31.69410
2023	1	31.69641
2023	1	31.69872
2023	1	31.70103
2023	1	31.70334
2023	1	31.70565
2023	1	31.70796
2023	1	31.71027
2023	1	31.71258
2023	1	31.71489
2023	1	31.71720
2023	1	31.71951
2023	1	31.72182
2023	1	31.72413
2023	1	31.72644
2023	1	31.72875
2023	1	31.73106
2023	1	31.73337
2023	1	31.73568
